#  Table pn_b70_02_0126130201.lc[1]  Wed 10:13:25 27-Nov-2013

#   TIME     RATE1    ERROR1 
#    s      count/s   count/s 
              
      0     21.48      0.71 
     69     20.42      0.69 
    140     21.57      0.71 
    210     20.49      0.69 
    280     20.64      0.69 
    350     20.17      0.68 
    420     20.27      0.69 
    490     20.19      0.68 
    559     21.32      0.70 
    630     21.17      0.70 
    699     20.66      0.69 
    770     20.45      0.69 
    840     20.44      0.69 
    909     20.00      0.68 
    980     19.73      0.68 
   1050     19.91      0.68 
   1120     22.27      0.72 
   1190     21.73      0.71 
   1260     22.13      0.72 
   1330     22.33      0.72 
   1400     21.23      0.70 
   1470     20.92      0.70 
   1540     21.03      0.70 
   1610     20.61      0.69 
   1680     22.16      0.72 
   1750     21.15      0.70 
   1820     20.07      0.68 
   1890     19.03      0.66 
   1960     20.30      0.68 
   2030     20.39      0.69 
   2100     20.47      0.69 
   2170     20.92      0.70 
   2240     21.07      0.70 
   2310     21.43      0.70 
   2380     20.94      0.70 
   2450     19.97      0.68 
   2520     21.62      0.71 
   2590     21.08      0.70 
   2660     19.85      0.68 
   2730     20.26      0.69 
   2800     20.52      0.69 
   2870     20.58      0.69 
   2940     22.45      0.72 
   3010     20.03      0.68 
   3080     20.99      0.70 
   3150     20.91      0.70 
   3220     21.55      0.71 
   3290     20.41      0.69 
   3360     21.03      0.70 
   3430     19.80      0.68 
   3500     21.28      0.70 
   3570     20.26      0.69 
   3640     20.20      0.69 
   3710     20.35      0.69 
   3780     20.74      0.69 
   3850     19.27      0.68 
   3920     19.88      0.68 
   3990     20.65      0.69 
   4060     20.98      0.70 
   4130     21.20      0.70 
   4200     21.12      0.70 
   4270     21.41      0.70 
   4340     22.35      0.72 
   4410     20.92      0.70 
   4480     22.02      0.72 
   4550     20.39      0.69 
   4620     20.19      0.68 
   4690     19.45      0.67 
   4760     20.58      0.69 
   4830     23.21      0.73 
   4900     20.76      0.69 
   4970     22.27      0.72 
   5040     20.02      0.68 
   5110     22.13      0.72 
   5180     20.58      0.69 
   5250     21.30      0.70 
   5320     20.49      0.69 
   5389     21.15      0.70 
   5460     22.15      0.72 
   5529     23.39      0.74 
   5599     23.10      0.73 
   5669     24.47      0.75 
   5740     24.22      0.75 
   5810     24.21      0.75 
   5879     24.11      0.75 
   5949     24.05      0.75 
   6020     23.61      0.74 
   6089     23.11      0.74 
   6159     23.58      0.74 
   6229     23.49      0.74 
   6300     24.03      0.75 
   6370     24.06      0.75 
   6440     23.19      0.73 
   6510     24.46      0.76 
   6580     23.97      0.75 
   6650     25.32      0.78 
   6720     24.79      0.78 
   6790     23.76      0.76 
   6859     24.50      0.76 
   6929     24.85      0.76 
   6999     25.09      0.76 
   7070     25.56      0.78 
   7140     24.94      0.77 
   7209     26.18      0.80 
   7279     24.91      0.78 
   7349     23.51      0.76 
   7419     24.50      0.78 
   7489     25.61      0.79 
   7560     24.50      0.77 
   7630     26.60      0.79 
   7700     24.92      0.78 
   7770     25.58      0.79 
   7840     25.03      0.77 
   7909     26.55      0.80 
   7979     26.47      0.79 
   8050     24.62      0.77 
   8120     26.10      0.79 
   8190     24.64      0.77 
   8259     25.25      0.78 
   8329     25.25      0.78 
   8400     25.78      0.79 
   8470     24.79      0.77 
   8540     24.23      0.76 
   8609     25.28      0.77 
   8679     25.09      0.77 
   8750     26.17      0.79 
   8820     24.97      0.77 
   8890     25.99      0.79 
   8959     25.04      0.78 
   9029     24.78      0.77 
   9099     24.67      0.76 
   9170     24.31      0.75 
   9240     25.57      0.77 
   9309     25.55      0.77 
   9379     25.42      0.77 
   9449     24.86      0.76 
   9519     24.09      0.75 
   9589     24.73      0.76 
   9659     23.80      0.75 
   9730     25.46      0.78 
   9800     24.85      0.76 
   9870     25.16      0.76 
   9940     25.06      0.76 
  10010     25.94      0.78 
  10080     25.51      0.77 
  10150     24.64      0.76 
  10220     24.01      0.75 
  10290     24.62      0.76 
  10360     25.58      0.77 
  10430     25.64      0.77 
  10500     26.24      0.78 
  10570     26.12      0.78 
  10640     26.53      0.79 
  10710     25.66      0.78 
  10780     26.40      0.79 
  10850     25.28      0.78 
  10920     25.92      0.79 
  10990     24.95      0.77 
  11060     23.96      0.75 
  11130     26.87      0.79 
  11200     25.03      0.77 
  11270     24.29      0.75 
  11340     24.95      0.77 
  11410     25.31      0.78 
  11480     25.74      0.77 
  11550     24.85      0.77 
  11620     24.52      0.76 
  11690     24.86      0.77 
  11760     25.35      0.78 
  11830     26.40      0.79 
  11900     24.86      0.76 
  11970     25.42      0.77 
  12040     24.15      0.75 
  12110     24.95      0.76 
  12180     24.21      0.75 
  12250     24.99      0.76 
  12320     25.64      0.77 
  12390     25.39      0.77 
  12460     24.90      0.76 
  12530     26.59      0.79 
  12600     25.73      0.77 
  12670     26.22      0.78 
  12740     25.65      0.77 
  12810     25.87      0.78 
  12880     24.13      0.75 
  12950     26.09      0.78 
  13020     25.26      0.77 
  13090     25.80      0.78 
  13160     26.12      0.78 
  13230     25.12      0.77 
  13300     26.38      0.78 
  13370     24.48      0.75 
  13440     24.96      0.76 
  13510     26.15      0.78 
  13580     25.04      0.77 
  13650     26.00      0.78 
  13720     26.91      0.80 
  13790     26.88      0.80 
  13860     25.25      0.78 
  13930     26.55      0.80 
  14000     26.30      0.80 
  14070     25.39      0.78 
  14140     26.65      0.79 
  14210     26.09      0.78 
  14280     25.94      0.78 
  14350     26.65      0.79 
  14420     26.72      0.80 
  14490     25.18      0.77 
  14560     25.44      0.77 
  14630     24.22      0.76 
  14700     24.71      0.77 
  14770     23.90      0.76 
  14840     25.80      0.78 
  14910     25.10      0.77 
  14980     25.18      0.77 
  15050     23.97      0.75 
  15120     24.28      0.75 
  15190     25.76      0.77 
  15260     23.96      0.75 
  15330     25.23      0.77 
  15400     23.06      0.73 
  15470     24.55      0.75 
  15540     24.61      0.76 
  15610     21.81      0.71 
  15680     22.33      0.72 
  15750     23.82      0.75 
  15820     23.36      0.74 
  15890     22.41      0.72 
  15960     23.67      0.74 
  16030     22.99      0.74 
  16100     22.38      0.73 
  16170     23.18      0.74 
  16240     22.95      0.74 
  16310     22.68      0.73 
  16380     21.36      0.72 
  16450     23.46      0.75 
  16520     21.66      0.73 
  16590     23.16      0.75 
  16660     23.71      0.75 
  16730     23.47      0.75 
  16800     21.89      0.72 
  16870     21.48      0.71 
  16940     22.44      0.72 
  17010     23.06      0.73 
  17080     22.96      0.73 
  17150     21.32      0.70 
  17220     22.71      0.73 
  17290     22.46      0.72 
  17360     20.81      0.70 
  17430     23.58      0.74 
  17500     22.12      0.72 
  17570     21.89      0.71 
  17640     21.74      0.71 
  17710     22.19      0.72 
  17780     21.55      0.71 
  17850     22.61      0.72 
  17920     22.17      0.72 
  17990     21.59      0.71 
  18060     21.44      0.70 
  18130     20.84      0.70 
  18200     22.38      0.72 
  18270     21.83      0.71 
  18340     22.63      0.72 
  18410     21.94      0.71 
  18480     22.29      0.72 
  18550     21.60      0.71 
  18620     21.48      0.71 
  18690     23.04      0.73 
  18760     22.54      0.72 
  18830     21.68      0.71 
  18900     22.24      0.72 
  18970     21.83      0.72 
  19040     23.04      0.74 
  19110     22.50      0.73 
  19180     23.41      0.74 
  19250     22.33      0.72 
  19320     22.36      0.73 
  19390     22.77      0.73 
  19460     22.57      0.73 
  19530     21.75      0.72 
  19600     21.88      0.72 
  19670     20.80      0.71 
  19740     22.56      0.73 
  19810     21.72      0.72 
  19880     22.49      0.73 
  19950     22.38      0.73 
  20020     21.60      0.73 
  20090     20.74      0.70 
  20160     21.75      0.71 
  20230     21.94      0.72 
  20300     21.44      0.71 
  20370     23.38      0.74 
  20440     21.43      0.71 
  20510     22.85      0.73 
  20580     21.30      0.71 
  20650     23.88      0.75 
  20720     23.41      0.75 
  20790     22.70      0.74 
  20860     22.97      0.73 
  20930     23.87      0.75 
  21000     23.33      0.74 
  21070     23.37      0.75 
  21140     24.13      0.76 
  21210     22.95      0.73 
  21280     22.81      0.73 
  21350     23.44      0.74 
  21420     22.76      0.73 
  21490     23.39      0.74 
  21560     24.05      0.75 
  21630     22.31      0.72 
  21700     23.20      0.74 
  21770     24.46      0.76 
  21840     22.55      0.73 
  21910     21.34      0.70 
  21980     22.47      0.72 
  22050     22.13      0.72 
  22120     23.43      0.74 
  22190     23.25      0.73 
  22260     23.54      0.74 
  22330     23.17      0.73 
  22400     23.14      0.73 
  22470     23.54      0.74 
  22540     22.52      0.72 
  22610     23.38      0.74 
  22680     21.42      0.71 
  22750     21.86      0.72 
  22820     22.08      0.72 
  22890     21.95      0.73 
  22960     21.99      0.72 
  23030     22.06      0.73 
  23100     21.86      0.71 
  23170     21.30      0.70 
  23240     22.78      0.73 
  23310     23.28      0.75 
  23380     23.97      0.75 
  23450     24.02      0.75 
  23520     23.84      0.75 
  23590     23.98      0.75 
  23660     24.19      0.75 
  23730     23.17      0.74 
  23800     23.77      0.74 
  23870     22.90      0.73 
  23940     22.78      0.73 
  24010     23.78      0.74 
  24080     23.70      0.74 
  24150     22.59      0.72 
  24220     24.52      0.75 
  24290     23.42      0.74 
  24360     21.85      0.71 
  24430     24.07      0.75 
  24500     23.87      0.75 
  24570     23.50      0.74 
  24640     23.76      0.75 
  24710     24.68      0.76 
  24780     24.39      0.77 
  24850     24.23      0.75 
  24920     23.91      0.75 
  24990     23.69      0.75 
  25060     26.31      0.78 
  25130     26.59      0.79 
  25200     25.16      0.76 
  25270     25.04      0.76 
  25340     24.91      0.76 
  25410     25.65      0.77 
  25480     25.11      0.76 
  25550     25.24      0.77 
  25620     25.31      0.77 
  25690     25.02      0.76 
  25760     25.74      0.77 
  25830     25.53      0.77 
  25900     23.88      0.74 
  25970     25.25      0.76 
  26040     25.50      0.77 
  26110     26.81      0.79 
  26180     27.23      0.80 
  26250     26.85      0.80 
  26320     26.52      0.78 
  26390     26.53      0.79 
  26460     27.65      0.80 
  26530     26.36      0.78 
  26600     25.68      0.77 
  26670     26.36      0.78 
  26740     27.24      0.79 
  26810     26.51      0.78 
  26880     26.07      0.78 
  26950     26.89      0.79 
  27020     27.81      0.80 
  27090     26.22      0.78 
  27160     25.92      0.78 
  27230     27.44      0.80 
  27300     26.90      0.79 
  27369     26.45      0.78 
  27440     27.55      0.80 
  27510     25.39      0.77 
  27580     26.69      0.79 
  27650     27.81      0.80 
  27720     27.90      0.80 
  27790     27.86      0.80 
  27860     26.20      0.78 
  27930     28.04      0.81 
  28000     27.62      0.80 
  28070     30.25      0.84 
  28140     27.63      0.80 
  28210     29.30      0.83 
  28280     28.97      0.82 
  28350     28.05      0.81 
  28420     28.98      0.82 
  28490     28.47      0.81 
  28560     27.69      0.80 
  28630     28.36      0.81 
  28700     29.71      0.83 
  28770     27.39      0.80 
  28839     29.47      0.83 
  28910     29.29      0.82 
  28980     29.20      0.82 
  29050     27.68      0.80 
  29120     27.64      0.80 
  29189     28.80      0.82 
  29260     27.77      0.80 
  29330     28.47      0.81 
  29400     27.92      0.80 
  29470     27.88      0.80 
  29540     27.00      0.79 
  29610     28.26      0.81 
  29680     26.69      0.79 
  29750     26.29      0.78 
  29820     28.13      0.81 
  29890     26.50      0.78 
  29960     28.81      0.82 
  30030     27.67      0.80 
  30100     25.67      0.77 
  30170     26.53      0.78 
  30240     26.25      0.78 
  30310     27.78      0.80 
  30380     26.77      0.79 
  30450     25.61      0.77 
  30520     26.23      0.78 
  30590     24.97      0.76 
  30660     25.39      0.77 
  30730     25.97      0.78 
  30800     26.71      0.79 
  30870     27.51      0.80 
  30940     25.46      0.77 
  31010     27.16      0.79 
  31080     25.20      0.76 
  31150     25.64      0.77 
  31220     27.78      0.80 
  31290     25.55      0.77 
  31360     26.49      0.78 
  31430     25.37      0.77 
  31500     25.36      0.77 
  31570     25.71      0.77 
  31640     25.30      0.77 
  31710     23.38      0.74 
  31780     25.10      0.76 
  31850     24.51      0.75 
  31920     23.51      0.74 
  31990     23.98      0.74 
  32060     24.20      0.75 
  32130     24.59      0.75 
  32200     24.30      0.75 
  32269     24.85      0.76 
  32340     25.49      0.77 
  32410     23.70      0.74 
  32480     23.58      0.74 
  32550     24.45      0.75 
  32619     24.12      0.75 
  32690     23.74      0.74 
  32760     24.18      0.75 
  32830     22.87      0.73 
  32900     23.00      0.73 
  32970     22.45      0.72 
  33040     23.17      0.73 
  33110     23.68      0.74 
  33180     23.52      0.74 
  33250     21.90      0.71 
  33320     21.57      0.71 
  33390     22.50      0.72 
  33460     22.51      0.72 
  33530     21.55      0.71 
  33600     22.85      0.73 
  33670     20.88      0.70 
  33740     21.70      0.71 
  33810     21.75      0.71 
  33880     21.42      0.70 
  33950     23.31      0.74 
  34020     22.01      0.72 
  34090     22.67      0.72 
  34160     22.14      0.72 
  34230     19.46      0.67 
  34300     21.62      0.71 
  34370     22.83      0.73 
  34440     22.55      0.72 
  34510     20.37      0.69 
  34580     23.12      0.73 
  34650     21.57      0.71 
  34720     20.19      0.68 
  34790     20.86      0.70 
  34860     22.58      0.72 
  34930     24.20      0.75 
  35000     24.72      0.76 
  35070     23.50      0.74 
  35140     23.31      0.73 
  35210     25.08      0.76 
  35280     25.04      0.76 
  35350     25.08      0.76 
  35420     23.61      0.74 
  35489     25.42      0.77 
  35560     25.94      0.78 
  35630     24.91      0.76 
  35700     25.26      0.76 
  35770     25.38      0.77 
  35839     24.82      0.76 
  35910     24.33      0.75 
  35980     23.72      0.74 
  36049     25.77      0.77 
  36120     24.37      0.75 
  36190     24.44      0.75 
  36260     25.40      0.77 
  36330     24.10      0.75 
  36400     24.15      0.75 
  36470     24.15      0.75 
  36540     22.36      0.72 
  36610     24.79      0.76 
  36680     23.54      0.74 
  36750     23.24      0.74 
  36820     23.01      0.73 
  36890     23.74      0.74 
  36960     22.84      0.73 
  37030     23.91      0.74 
  37100     22.92      0.73 
  37170     22.71      0.73 
  37240     23.75      0.74 
  37310     23.70      0.74 
  37380     24.00      0.75 
  37450     23.33      0.73 
  37520     22.85      0.73 
  37590     23.36      0.74 
  37660     22.91      0.73 
  37730     22.47      0.72 
  37800     23.54      0.74 
  37870     22.14      0.72 
  37940     23.94      0.74 
  38010     23.03      0.73 
  38080     24.67      0.76 
  38150     23.83      0.75 
  38220     23.60      0.74 
  38290     21.13      0.70 
  38360     22.43      0.72 
  38430     23.74      0.74 
  38500     23.47      0.74 
  38570     23.05      0.73 
  38640     23.56      0.74 
  38710     23.56      0.74 
  38780     24.31      0.75 
  38850     21.91      0.71 
  38920     22.98      0.73 
  38990     22.66      0.73 
  39060     22.18      0.72 
  39130     21.61      0.71 
  39200     21.73      0.71 
  39269     21.96      0.71 
  39340     21.49      0.71 
  39410     23.29      0.73 
  39480     22.50      0.72 
  39550     22.48      0.72 
  39620     22.48      0.72 
  39690     22.71      0.72 
  39760     22.47      0.72 
  39830     22.30      0.72 
  39900     22.13      0.72 
  39970     22.13      0.72 
  40040     21.03      0.70 
  40110     22.56      0.72 
  40180     21.30      0.70 
  40250     21.62      0.71 
  40320     21.14      0.70 
  40390     21.91      0.71 
  40460     20.95      0.70 
  40530     21.80      0.72 
  40600     23.50      0.75 
  40670     21.80      0.72 
  40740     24.69      0.76 
  40810     25.37      0.77 
  40880     24.87      0.76 
  40950     24.82      0.76 
  41020     25.01      0.77 
  41090     24.74      0.76 
  41160     23.82      0.74 
  41230     23.93      0.74 
  41300     24.33      0.75 
  41370     22.45      0.72 
  41440     24.08      0.75 
  41510     21.82      0.71 
  41580     23.45      0.74 
  41650     22.92      0.73 
  41720     23.13      0.73 
  41790     21.78      0.71 
  41860     23.38      2.02 
