#  Table mos_b50_06_0134520701.lc[1]  Wed 10:13:26 27-Nov-2013

#   TIME     RATE1    ERROR1 
#    s      count/s   count/s 
              
      0     10.30      0.49 
     50     9.22      0.45 
    100     9.70      0.46 
    150     10.26      0.47 
    200     9.95      0.47 
    250     10.55      0.48 
    300     9.74      0.46 
    350     10.04      0.47 
    400     9.67      0.46 
    450     10.13      0.47 
    500     10.95      0.49 
    550     10.71      0.48 
    600     9.93      0.47 
    650     9.99      0.47 
    699     9.45      0.45 
    750     9.76      0.46 
    800     9.96      0.47 
    849     10.56      0.48 
    900     10.09      0.47 
    949     10.95      0.49 
   1000     10.36      0.48 
   1050     10.63      0.48 
   1100     10.72      0.49 
   1150     11.16      0.49 
   1200     9.87      0.46 
   1250     10.25      0.47 
   1300     9.57      0.46 
   1350     10.37      0.48 
   1400     10.56      0.48 
   1450     10.20      0.47 
   1500     10.75      0.48 
   1550     10.90      0.49 
   1600     10.30      0.47 
   1650     9.83      0.46 
   1700     10.31      0.47 
   1750     10.18      0.47 
   1800     10.42      0.48 
   1850     9.72      0.46 
   1900     9.77      0.46 
   1950     9.63      0.46 
   2000     10.06      0.47 
   2050     9.70      0.46 
   2100     9.43      0.45 
   2150     10.74      0.48 
   2200     9.84      0.46 
   2250     10.85      0.49 
   2300     9.96      0.47 
   2350     10.49      0.48 
   2400     10.82      0.49 
   2450     10.41      0.48 
   2500     10.37      0.47 
   2550     10.99      0.49 
   2600     9.89      0.46 
   2650     10.02      0.47 
   2700     10.05      0.47 
   2750     9.80      0.46 
   2800     10.31      0.48 
   2850     9.87      0.47 
   2900     9.88      0.46 
   2950     9.71      0.46 
   3000     10.65      0.48 
   3050     9.66      0.46 
   3100     9.88      0.46 
   3150     10.20      0.47 
   3200     10.46      0.48 
   3250     9.57      0.46 
   3300     10.25      0.47 
   3350     10.66      0.48 
   3400     10.80      0.49 
   3450     10.32      0.47 
   3500     10.39      0.48 
   3550     11.42      0.50 
   3600     10.09      0.47 
   3650     10.37      0.47 
   3700     10.88      0.49 
   3750     10.22      0.47 
   3800     9.69      0.46 
   3850     9.88      0.46 
   3900     9.55      0.46 
   3950     9.88      0.46 
   4000     9.55      0.46 
   4050     10.07      0.47 
   4100     10.26      0.47 
   4150     10.12      0.47 
   4200     10.02      0.47 
   4250     9.80      0.46 
   4300     9.79      0.46 
   4349     10.22      0.47 
   4400     10.63      0.48 
   4450     9.96      0.47 
   4500     10.36      0.48 
   4550     10.58      0.48 
   4600     10.14      0.47 
   4650     10.39      0.48 
   4700     10.53      0.48 
   4750     10.90      0.49 
   4800     8.92      0.44 
   4850     11.37      0.50 
   4900     9.84      0.46 
   4950     10.26      0.47 
   5000     10.60      0.48 
   5050     10.30      0.48 
   5100     9.55      0.46 
   5150     10.81      0.49 
   5200     10.34      0.48 
   5250     10.84      0.49 
   5300     10.19      0.47 
   5349     10.13      0.47 
   5400     10.12      0.47 
   5450     10.00      0.47 
   5500     11.34      0.50 
   5549     10.90      0.49 
   5599     9.53      0.46 
   5650     10.26      0.47 
   5700     10.28      0.47 
   5749     10.73      0.48 
   5799     10.95      0.49 
   5849     10.73      0.48 
   5900     10.93      0.49 
   5949     11.06      0.49 
   6000     10.85      0.49 
   6049     11.33      0.50 
   6099     12.97      0.53 
   6149     12.17      0.52 
   6199     12.30      0.52 
   6250     12.81      0.53 
   6300     11.89      0.51 
   6350     12.28      0.52 
   6400     11.07      0.49 
   6450     12.42      0.52 
   6500     11.65      0.50 
   6550     11.59      0.50 
   6599     11.57      0.50 
   6650     11.90      0.51 
   6700     12.36      0.52 
   6750     11.09      0.49 
   6799     11.62      0.51 
   6849     11.56      0.50 
   6900     11.88      0.51 
   6950     10.99      0.49 
   6999     11.60      0.51 
   7049     10.99      0.49 
   7099     11.39      0.50 
   7150     11.67      0.50 
   7199     11.12      0.49 
   7249     11.34      0.50 
   7299     10.85      0.49 
   7349     10.87      0.49 
   7399     11.79      0.51 
   7449     11.03      0.49 
   7500     11.81      0.51 
   7550     10.95      0.49 
   7600     10.45      0.48 
   7650     11.05      0.49 
   7700     10.56      0.48 
   7750     11.52      0.50 
   7800     10.70      0.48 
   7849     10.65      0.48 
   7900     10.46      0.48 
   7950     10.69      0.48 
   8000     10.32      0.47 
   8050     10.75      0.48 
   8099     10.26      0.47 
   8150     10.28      0.47 
   8199     10.19      0.47 
   8249     10.35      0.48 
   8300     10.91      0.49 
   8349     10.84      0.49 
   8400     10.59      0.48 
   8449     9.97      0.47 
   8499     10.18      0.47 
   8550     10.95      0.49 
   8599     10.46      0.48 
   8649     10.08      0.47 
   8699     10.31      0.47 
   8750     10.67      0.48 
   8800     10.48      0.48 
   8850     10.22      0.47 
   8900     10.69      0.48 
   8949     10.41      0.48 
   9000     10.55      0.48 
   9050     9.87      0.46 
   9099     10.51      0.48 
   9150     10.75      0.48 
   9199     9.76      0.46 
   9250     10.47      0.48 
   9300     9.27      0.45 
   9349     11.00      0.49 
   9400     10.85      0.49 
   9449     10.65      0.48 
   9499     9.97      0.47 
   9550     10.44      0.48 
   9599     10.59      0.48 
   9650     9.91      0.46 
   9699     10.35      0.48 
   9749     10.47      0.48 
   9800     9.61      0.46 
   9849     9.87      0.46 
   9899     10.01      0.47 
   9949     10.10      0.47 
  10000     10.25      0.47 
  10050     10.61      0.48 
  10100     9.66      0.46 
  10150     9.30      0.45 
  10200     10.45      0.48 
  10250     10.32      0.48 
  10300     9.25      0.45 
  10350     9.27      0.45 
  10400     9.14      0.45 
  10450     10.56      0.48 
  10500     10.57      0.48 
  10550     9.69      0.46 
  10600     9.76      0.46 
  10650     9.70      0.46 
  10700     9.70      0.46 
  10750     10.54      0.48 
  10800     10.13      0.47 
  10850     9.29      0.45 
  10900     10.36      0.48 
  10950     9.62      0.46 
  11000     9.15      0.45 
  11050     9.10      0.45 
  11100     9.95      0.47 
  11150     9.69      0.46 
  11200     10.25      0.47 
  11250     9.74      0.46 
  11300     10.52      0.48 
  11350     9.45      0.46 
  11400     10.23      0.47 
  11450     9.37      0.45 
  11500     10.65      0.48 
  11550     10.26      0.47 
  11600     9.38      0.46 
  11650     10.84      0.48 
  11700     9.33      0.45 
  11750     10.07      0.47 
  11800     9.87      0.47 
  11850     9.89      0.47 
  11900     9.98      0.46 
  11950     10.82      0.49 
  12000     9.46      0.45 
  12050     9.76      0.46 
  12100     9.29      0.45 
  12150     9.69      0.46 
  12200     9.20      0.45 
  12250     10.53      0.48 
  12300     10.29      0.47 
  12350     10.39      0.48 
  12400     10.35      0.48 
  12450     10.51      0.48 
  12500     10.25      0.47 
  12550     10.44      0.48 
  12600     11.25      0.50 
  12650     9.79      0.46 
  12700     9.85      0.46 
  12750     9.95      0.47 
  12800     10.83      0.49 
  12850     10.48      0.48 
  12900     10.07      0.47 
  12950     10.65      0.48 
  13000     10.70      0.48 
  13050     9.82      0.46 
  13100     11.24      0.49 
  13150     11.49      0.50 
  13200     11.04      0.49 
  13250     11.67      0.51 
  13300     10.15      0.47 
  13350     11.30      0.49 
  13400     11.11      0.49 
  13450     11.19      0.50 
  13500     10.46      0.48 
  13550     10.85      0.49 
  13600     9.98      0.47 
  13650     10.79      0.48 
  13700     10.05      0.47 
  13750     10.59      0.48 
  13800     11.72      0.50 
  13850     10.88      0.49 
  13900     10.29      0.47 
  13950     11.23      0.50 
  14000     10.89      0.49 
  14050     11.19      0.50 
  14100     11.02      0.49 
  14150     11.13      0.49 
  14200     10.47      0.48 
  14250     10.85      0.49 
  14300     11.22      0.49 
  14350     11.60      0.50 
  14400     10.41      0.48 
  14450     10.34      0.48 
  14500     10.72      0.49 
  14550     10.79      0.49 
  14600     9.93      0.47 
  14650     10.89      0.49 
  14700     10.58      0.48 
  14750     10.16      0.47 
  14800     10.40      0.48 
  14850     10.60      0.48 
  14900     10.38      0.48 
  14950     10.62      0.48 
  15000     10.30      0.47 
  15050     10.29      0.48 
  15100     9.66      0.46 
  15150     10.55      0.48 
  15200     9.79      0.46 
  15250     10.36      0.48 
  15300     10.71      0.48 
  15350     10.70      0.48 
  15400     10.31      0.47 
  15450     11.18      0.49 
  15500     9.90      0.47 
  15550     9.71      0.46 
  15600     9.60      0.46 
  15650     10.49      0.48 
  15700     9.61      0.46 
  15750     10.14      0.47 
  15800     9.94      0.47 
  15850     9.63      0.46 
  15900     9.51      0.46 
  15950     10.15      0.47 
  16000     11.04      0.49 
  16050     10.48      0.48 
  16100     10.02      0.47 
  16150     10.46      0.48 
  16200     11.42      0.50 
  16250     9.91      0.46 
  16300     9.59      0.46 
  16350     9.54      0.46 
  16400     10.03      0.47 
  16450     9.52      0.46 
  16500     9.78      0.46 
  16550     9.95      0.47 
  16600     9.65      0.46 
  16650     9.76      0.46 
  16700     10.37      0.48 
  16750     10.24      0.47 
  16800     9.66      0.46 
  16850     9.92      0.47 
  16900     9.31      0.45 
  16950     9.65      0.46 
  17000     9.76      0.46 
  17050     9.45      0.46 
  17100     9.26      0.45 
  17150     9.50      0.46 
  17200     10.15      0.47 
  17250     9.66      0.46 
  17300     9.06      0.44 
  17350     9.92      0.46 
  17400     9.95      0.47 
  17450     9.67      0.46 
  17500     10.06      0.47 
  17550     9.66      0.46 
  17600     8.93      0.44 
  17650     9.26      0.45 
  17700     8.61      0.43 
  17750     9.34      0.45 
  17800     8.92      0.44 
  17850     9.66      0.46 
  17900     9.42      0.45 
  17950     9.22      0.45 
  18000     8.86      0.44 
  18050     9.51      0.46 
  18100     9.76      0.46 
  18150     8.82      0.44 
  18200     8.33      0.43 
  18250     9.22      0.45 
  18300     9.03      0.44 
  18350     9.21      0.45 
  18400     8.28      0.43 
  18450     8.86      0.44 
  18500     8.54      0.43 
  18550     8.59      0.43 
  18600     9.65      0.46 
  18650     9.27      0.45 
  18700     9.00      0.44 
  18750     8.22      0.42 
  18800     8.91      0.44 
  18850     9.22      0.45 
  18900     8.70      0.44 
  18950     8.84      0.44 
  19000     8.81      0.44 
  19050     9.07      0.45 
  19100     8.89      0.44 
  19150     8.63      0.44 
  19200     8.86      0.44 
  19250     9.24      0.45 
  19300     9.19      0.45 
  19350     8.27      0.42 
  19400     8.94      0.44 
  19450     9.46      0.45 
  19500     9.17      0.45 
  19550     8.62      0.43 
  19600     8.43      0.43 
  19650     9.57      0.46 
  19700     9.19      0.45 
  19750     8.21      0.43 
  19800     9.09      0.45 
  19850     9.42      0.45 
  19900     8.53      0.43 
  19950     8.57      0.43 
  20000     8.92      0.44 
  20050     8.46      0.43 
  20100     9.22      0.45 
  20150     8.45      0.43 
  20200     8.64      0.44 
  20250     8.27      0.43 
  20300     8.87      0.44 
  20350     8.23      0.43 
  20400     8.36      0.43 
  20450     8.78      0.44 
  20500     8.34      0.43 
  20550     8.21      0.42 
  20600     8.71      0.44 
  20650     8.90      0.44 
  20700     8.59      0.43 
  20750     8.59      0.43 
  20800     8.75      0.44 
  20850     8.10      0.42 
  20900     8.46      0.43 
  20950     9.25      0.45 
  21000     8.33      0.43 
  21050     8.85      0.44 
  21100     9.02      0.44 
  21150     8.27      0.42 
  21200     9.22      0.45 
  21250     9.07      0.45 
  21300     8.49      0.43 
  21350     8.26      0.43 
  21400     7.89      0.42 
  21450     8.38      0.43 
  21500     7.76      0.41 
  21550     8.54      0.43 
  21600     7.63      0.41 
  21650     7.47      0.40 
  21700     8.32      0.43 
  21750     8.52      0.43 
  21800     8.01      0.42 
  21850     8.74      0.44 
  21900     7.90      0.42 
  21950     8.15      0.42 
  22000     9.30      0.45 
  22050     8.96      0.44 
  22100     8.65      0.44 
  22150     8.41      0.43 
  22200     8.31      0.43 
  22250     8.24      0.71 
  22300     8.35      0.49 
  22350     8.23      0.42 
  22400     8.80      0.44 
  22450     8.65      0.43 
  22500     8.35      0.43 
  22550     7.78      0.41 
  22600     8.27      0.42 
  22650     7.63      0.41 
  22700     8.54      0.43 
  22750     8.32      0.43 
  22800     7.53      0.41 
  22850     7.81      0.41 
  22900     8.11      0.42 
  22950     8.24      0.42 
  23000     7.19      0.40 
  23050     7.98      0.42 
  23100     8.03      0.42 
  23150     7.50      0.41 
  23200     8.19      0.42 
  23250     7.97      0.42 
  23300     8.06      0.42 
  23350     7.81      0.41 
  23400     7.02      0.39 
  23450     8.16      0.42 
  23500     8.67      0.44 
  23550     8.07      0.42 
  23600     8.53      0.43 
  23650     8.33      0.43 
  23700     8.47      0.43 
  23750     8.37      0.43 
  23800     7.95      0.42 
  23850     8.59      0.43 
  23900     8.04      0.42 
  23950     8.58      0.43 
  24000     8.84      0.44 
  24050     8.17      0.42 
  24100     8.84      0.44 
  24150     8.76      0.44 
  24200     8.02      0.42 
  24250     8.32      0.43 
  24300     8.21      0.42 
  24350     8.31      0.43 
  24400     8.66      0.44 
  24450     8.06      0.42 
  24500     8.38      0.43 
  24550     8.64      0.43 
  24600     8.51      0.43 
  24650     8.47      0.43 
  24700     8.49      0.43 
  24750     8.13      0.42 
  24800     8.63      0.44 
  24850     9.10      0.45 
  24900     8.36      0.43 
  24950     8.92      0.44 
  25000     8.37      0.43 
  25050     8.70      0.44 
  25100     8.04      0.42 
  25150     8.28      0.43 
  25200     8.09      0.42 
  25250     7.35      0.40 
  25300     7.92      0.42 
  25350     7.77      0.49 
  25400     7.50      0.40 
  25450     8.69      0.44 
  25500     8.43      0.43 
  25550     8.57      0.43 
  25600     8.21      0.43 
  25650     8.63      0.44 
  25700     7.48      0.40 
  25750     7.96      0.42 
  25800     8.28      0.42 
  25850     8.52      0.43 
  25900     8.36      0.43 
  25950     9.08      0.45 
  26000     8.15      0.42 
  26050     7.57      0.41 
  26100     8.61      0.43 
  26150     8.28      0.42 
  26200     7.82      0.41 
  26250     8.02      0.42 
  26300     8.68      0.44 
  26350     8.10      0.42 
  26400     7.84      0.42 
  26450     8.29      0.43 
  26500     7.92      0.42 
  26550     8.00      0.42 
  26600     8.38      0.43 
  26650     8.04      0.42 
  26700     8.71      0.55 
  26750     8.33      1.35 
  26800     7.66      0.43 
  26850     6.90      0.39 
  26900     7.70      0.41 
  26950     8.50      0.43 
  27000     8.24      0.42 
  27050     8.15      0.42 
  27100     7.26      0.40 
  27150     8.33      0.43 
  27200     8.50      0.43 
  27250     7.84      0.41 
  27300     7.64      0.41 
  27350     7.65      0.41 
  27400     8.27      0.43 
  27450     7.56      0.41 
  27500     8.03      0.42 
  27550     7.65      0.41 
  27600     7.96      0.42 
  27650     8.12      0.42 
  27700     8.73      0.44 
  27750     8.15      0.42 
  27800     7.71      0.41 
  27850     7.96      0.42 
  27900     7.91      0.42 
  27950     8.92      0.44 
  28000     8.78      0.44 
  28050     8.45      0.43 
  28100     8.82      0.44 
  28150     8.17      0.42 
  28200     8.21      0.42 
  28250     8.26      0.43 
  28300     7.96      0.42 
  28350     8.68      0.44 
  28400     8.32      0.43 
  28450     8.57      0.43 
  28500     8.13      0.42 
  28550     8.50      0.43 
  28600     8.43      0.43 
  28650     8.67      0.44 
  28700     8.66      0.44 
  28750     8.65      0.43 
  28800     9.20      0.45 
  28850     9.69      0.46 
  28900     9.26      0.45 
  28950     9.34      0.45 
  29000     9.74      0.46 
  29050     8.38      0.43 
  29100     9.71      0.46 
  29150     8.38      0.43 
  29200     8.89      0.44 
  29250     8.59      0.43 
  29300     8.35      0.43 
  29350     8.68      0.49 
  29400     8.38      0.43 
  29450     9.05      0.45 
  29500     8.67      0.44 
  29550     8.91      0.44 
  29600     8.71      0.44 
  29650     8.64      0.44 
  29700     8.90      0.44 
  29750     8.83      0.44 
  29800     8.74      0.44 
  29850     8.39      0.43 
  29900     8.48      0.43 
  29950     8.05      0.42 
  30000     7.93      0.42 
  30050     8.43      0.43 
  30100     9.27      0.45 
  30150     8.66      0.44 
  30200     8.42      0.43 
  30250     9.93      0.47 
  30300     10.38      0.48 
  30350     11.48      0.50 
  30400     12.02      0.51 
  30450     13.06      0.53 
  30500     11.84      0.51 
  30550     12.09      0.51 
  30600     14.13      0.56 
  30650     13.85      0.55 
  30700     12.39      0.52 
  30750     14.62      0.57 
  30800     14.01      0.55 
  30850     13.86      0.55 
  30900     14.72      0.57 
  30950     15.43      0.58 
  31000     14.04      0.55 
  31050     13.54      0.54 
  31100     14.04      0.55 
  31150     13.66      0.55 
  31200     13.29      0.54 
  31250     13.52      0.54 
  31300     12.43      0.52 
  31350     12.55      0.52 
  31400     12.88      0.53 
  31450     12.82      0.53 
  31500     12.39      0.52 
  31550     12.88      0.53 
  31600     11.65      0.50 
  31650     12.44      0.52 
  31700     11.95      0.51 
  31750     11.77      0.51 
  31800     11.39      0.50 
  31850     12.12      0.51 
  31900     11.36      0.50 
  31950     11.94      0.51 
  32000     11.00      0.49 
  32050     10.91      0.49 
  32100     10.68      0.48 
  32150     11.79      0.51 
  32200     10.94      0.49 
  32250     10.80      0.49 
  32300     11.20      0.49 
  32350     10.72      0.49 
  32400     11.22      0.49 
  32450     11.44      0.50 
  32500     11.49      0.50 
  32550     11.54      0.50 
  32600     11.37      0.50 
  32650     10.57      0.48 
  32700     10.85      0.49 
  32750     10.69      0.48 
  32800     11.69      0.51 
  32850     11.35      0.50 
  32900     10.22      0.47 
  32950     10.47      0.48 
  33000     10.90      0.49 
  33050     11.29      0.50 
  33100     10.94      0.49 
  33150     11.33      0.50 
  33200     11.52      0.50 
  33250     11.26      0.49 
  33300     10.88      0.49 
  33350     10.88      0.49 
  33400     10.61      0.48 
  33450     10.79      0.49 
  33500     10.91      0.49 
  33550     10.92      0.49 
  33600     11.41      0.50 
  33650     11.07      0.49 
  33700     10.77      0.49 
  33750     11.04      0.49 
  33800     11.03      0.49 
  33850     10.82      0.48 
  33900     11.68      0.50 
  33950     10.65      0.48 
  34000     10.95      0.49 
  34050     11.63      0.51 
  34100     11.17      0.49 
  34150     11.31      0.50 
  34200     11.82      0.51 
  34250     12.63      0.53 
  34300     11.72      0.50 
  34350     11.47      0.50 
  34400     12.86      0.53 
  34450     13.10      0.54 
  34500     12.44      0.52 
  34550     12.65      0.52 
  34600     12.52      0.52 
  34650     12.56      0.52 
  34700     13.02      0.53 
  34750     12.82      0.53 
  34800     12.18      0.51 
  34850     13.91      0.55 
  34900     12.22      0.52 
  34950     13.65      0.55 
  35000     13.36      0.54 
  35050     13.01      0.53 
  35100     12.89      0.53 
  35150     14.02      0.56 
  35200     14.38      0.56 
  35250     13.71      0.55 
  35300     13.39      0.54 
  35350     13.91      0.55 
  35400     14.40      0.56 
  35450     14.49      0.56 
  35500     14.09      0.55 
  35550     15.12      0.58 
  35600     14.09      0.56 
  35650     15.11      0.57 
  35700     14.03      0.55 
  35750     15.30      0.58 
  35800     15.98      0.59 
  35850     14.44      0.56 
  35900     15.14      0.57 
  35950     14.25      0.56 
  36000     15.18      0.58 
  36049     14.96      0.57 
  36100     15.35      0.58 
  36150     15.05      0.57 
  36200     15.18      0.58 
  36250     16.03      0.59 
  36300     15.97      0.59 
  36350     16.11      0.60 
  36400     15.96      0.59 
  36450     16.16      0.59 
  36500     15.73      0.59 
  36550     15.48      0.58 
  36600     15.99      0.59 
  36650     15.69      0.59 
  36700     15.43      0.58 
  36750     15.69      0.59 
  36800     15.21      0.58 
  36850     14.50      0.56 
  36900     14.89      0.57 
  36950     14.29      0.56 
  37000     15.69      0.58 
  37049     14.70      0.57 
  37100     15.80      0.59 
  37150     15.29      0.58 
  37200     15.26      0.58 
  37250     14.58      0.56 
  37299     14.53      0.56 
  37350     14.38      0.56 
  37400     14.24      0.56 
  37450     15.95      0.59 
  37500     14.47      0.56 
  37550     15.00      0.57 
  37600     15.41      0.58 
  37650     14.96      0.57 
  37700     15.93      0.59 
  37750     13.81      0.55 
  37800     13.42      0.54 
  37850     14.15      0.55 
  37900     13.90      0.55 
  37950     13.98      0.55 
  38000     12.92      0.53 
  38050     13.77      0.55 
  38100     12.91      0.53 
  38150     13.79      0.55 
  38200     14.04      0.55 
  38250     13.65      0.55 
  38300     12.86      0.53 
  38350     13.40      0.54 
  38400     13.08      0.54 
  38450     14.06      0.56 
  38500     13.71      0.55 
  38550     13.21      0.54 
  38600     13.62      0.55 
  38650     13.11      0.54 
  38700     13.33      0.54 
  38750     14.12      0.56 
  38800     13.16      0.54 
  38850     13.31      0.54 
  38900     14.58      0.56 
  38950     13.54      0.55 
  39000     13.43      0.54 
  39050     12.64      0.52 
  39100     12.80      0.53 
  39150     12.75      0.53 
  39200     13.87      0.55 
  39250     13.18      0.54 
  39300     12.75      0.53 
  39350     11.88      0.51 
  39400     13.44      0.54 
  39450     11.82      0.51 
  39500     13.14      0.53 
  39550     12.68      0.53 
  39600     12.93      0.53 
  39650     13.42      0.54 
  39700     13.17      0.54 
  39750     12.83      0.53 
  39800     12.82      0.53 
  39850     14.08      0.55 
  39900     12.78      0.53 
  39950     12.43      0.52 
  40000     13.25      0.54 
  40050     12.29      0.52 
  40100     12.28      0.52 
  40150     12.42      0.52 
  40200     12.37      0.52 
  40250     12.93      0.53 
  40299     12.52      0.52 
  40350     13.72      0.55 
  40400     12.76      0.53 
  40450     13.09      0.54 
  40500     12.40      0.52 
  40550     13.58      0.55 
  40600     13.17      0.54 
  40650     13.40      0.54 
  40700     12.46      0.52 
  40750     11.48      0.50 
  40800     12.02      0.51 
  40850     12.83      0.53 
  40900     12.45      0.52 
  40950     12.17      0.52 
  41000     12.77      0.53 
  41050     12.59      0.53 
  41100     12.51      0.52 
  41150     12.65      0.53 
  41200     13.40      0.54 
  41250     12.19      0.52 
  41300     12.44      0.52 
  41350     12.07      0.51 
  41400     12.16      0.52 
  41450     12.68      0.52 
  41500     13.04      0.53 
  41549     12.46      0.52 
  41600     13.97      0.55 
  41650     12.61      0.52 
  41700     12.89      0.53 
  41750     11.82      0.51 
  41800     11.76      0.51 
  41850     12.48      0.52 
  41899     13.35      0.54 
  41950     12.13      0.52 
  42000     12.73      0.53 
  42050     11.35      0.50 
  42100     12.90      0.53 
  42150     12.86      0.53 
  42200     12.07      0.51 
  42250     12.04      0.51 
  42299     13.10      0.53 
  42350     12.00      0.51 
  42400     13.45      0.54 
  42450     12.78      0.53 
  42500     12.18      0.52 
  42550     12.12      0.51 
  42600     12.27      0.52 
  42650     12.26      0.52 
  42700     12.43      0.52 
  42750     11.92      0.51 
  42799     12.84      0.53 
  42850     12.31      0.52 
  42900     12.51      0.52 
  42950     12.58      0.52 
  43000     12.31      0.52 
  43050     12.49      0.52 
  43100     11.58      0.50 
  43149     12.43      0.52 
  43200     12.68      0.53 
  43250     12.26      0.52 
  43300     12.92      0.53 
  43350     12.18      0.52 
  43400     13.26      0.54 
  43450     12.60      0.53 
  43499     13.01      0.53 
  43549     12.59      0.52 
  43600     13.36      0.54 
  43650     13.32      0.54 
  43700     12.60      0.52 
  43750     12.44      0.52 
  43800     13.02      0.53 
  43850     12.89      0.53 
  43900     13.53      0.54 
  43950     11.84      0.51 
  44000     13.04      0.53 
  44050     12.90      0.53 
  44100     13.45      0.54 
  44150     12.51      0.52 
  44200     12.94      0.53 
  44250     13.23      0.54 
  44300     14.37      0.56 
  44350     14.13      0.56 
  44400     13.68      0.55 
  44450     13.85      0.55 
  44500     13.35      0.54 
  44550     14.29      0.56 
  44600     13.89      0.55 
  44650     13.75      0.55 
  44700     14.60      0.56 
  44750     14.08      0.55 
  44800     13.73      0.55 
  44850     14.90      0.57 
  44900     15.15      0.57 
  44950     14.52      0.56 
  45000     14.56      0.57 
  45050     15.97      0.59 
  45100     14.55      0.56 
  45150     14.20      0.56 
  45200     14.78      0.57 
  45250     14.89      0.57 
  45300     14.61      0.56 
  45350     14.66      0.57 
  45400     14.74      0.57 
  45450     14.40      0.56 
  45500     14.89      0.57 
  45550     15.14      0.57 
  45600     15.77      0.59 
  45650     16.07      0.59 
  45700     16.32      0.60 
  45750     15.10      0.57 
  45800     15.64      0.58 
  45850     16.66      0.60 
  45900     16.82      0.61 
  45950     17.25      0.61 
  46000     15.88      0.59 
  46050     16.23      0.60 
  46100     17.91      0.63 
  46150     17.80      0.62 
  46200     16.33      0.60 
  46250     16.58      0.60 
  46300     17.02      0.61 
  46350     17.61      0.62 
  46400     18.37      0.64 
  46450     17.06      0.61 
  46500     16.46      0.60 
  46549     16.73      0.60 
  46600     16.78      0.60 
  46650     16.72      0.60 
  46700     17.52      0.62 
  46750     16.81      0.61 
  46800     16.89      0.61 
  46850     17.26      0.62 
  46900     16.39      0.60 
  46950     17.06      0.61 
  47000     16.74      0.61 
  47050     16.67      0.60 
  47100     16.72      0.60 
  47150     17.46      0.62 
  47200     18.06      0.63 
  47250     17.44      0.62 
  47300     17.60      0.62 
  47350     17.65      0.62 
  47400     19.00      0.64 
  47450     17.80      0.62 
  47500     18.84      0.64 
  47550     18.16      0.63 
  47600     16.78      0.60 
  47650     18.65      0.64 
  47700     18.96      0.64 
  47750     18.45      0.63 
  47799     18.85      0.64 
  47850     20.11      0.66 
  47900     20.29      0.66 
  47950     18.46      0.64 
  48000     19.55      0.65 
  48050     18.86      0.64 
  48100     19.11      0.65 
  48149     19.33      0.65 
  48200     19.02      0.64 
  48250     19.35      0.65 
  48300     19.42      0.65 
  48350     20.49      0.67 
  48400     19.13      0.65 
  48450     19.95      0.66 
  48500     17.84      0.62 
  48549     19.31      0.65 
  48600     19.12      0.65 
  48650     18.72      0.64 
  48700     18.56      0.64 
  48750     18.13      0.63 
  48800     18.62      0.64 
  48850     18.75      0.64 
  48900     17.88      0.62 
  48950     19.32      0.65 
  49000     16.57      1.26 
