0.0000000	21921.012
0.20007324	22136.938
0.40002441	22265.102
0.60000610	22217.977
0.80001831	22085.066
1.0000000	22062.980
1.2000732	22102.277
1.4000244	22112.520
1.6000061	21948.564
1.8000183	21863.252
2.0000000	21934.111
2.2000732	21742.494
2.4000244	21810.061
2.6000061	21735.916
2.8000183	21742.834
3.0000000	21604.492
3.2000732	21515.934
3.4000244	21404.043
3.6000061	21399.227
3.8000183	21427.504
4.0000000	21338.945
4.2000732	21483.305
4.4000244	21698.457
4.6000061	21705.695
4.8000183	21558.398
5.0000000	21481.344
5.2000732	21452.344
5.4000244	21238.277
5.6000061	21279.590
5.8000183	21365.180
6.0000000	21161.430
6.2000732	20910.105
6.4000244	21008.117
6.6000061	20972.516
6.8000183	20828.395
7.0000000	20979.941
7.2000732	21259.957
7.4000244	21157.270
7.6000061	21243.207
7.8000183	21285.355
8.0000000	21304.900
8.2000732	21457.676
8.4000244	21528.412
8.6000061	21410.602
8.8000183	21312.639
9.0000000	21215.461
9.2000732	21139.766
9.4000244	21007.273
9.6000061	20932.016
9.8000183	21001.922
10.000000	21248.643
10.200073	21365.160
10.400024	21469.789
10.600006	21356.719
10.800018	21205.992
11.000000	21248.293
11.200073	21192.650
11.400024	21392.660
11.600006	21332.309
11.800018	21377.979
12.000000	21288.158
12.200073	21329.857
12.400024	21529.848
12.600006	21680.570
12.800018	21446.992
13.000000	21215.479
13.200073	21411.512
13.400024	21469.836
13.600006	21517.691
13.800018	21729.641
14.000000	21681.258
14.200073	21443.625
14.400024	21193.609
14.600006	21358.236
14.800018	21395.523
15.000000	21332.061
15.200073	21256.117
15.400024	21312.547
15.600006	21274.551
15.800018	21438.668
16.000000	21407.672
16.200073	21361.613
16.400024	21398.145
16.600006	21467.447
16.800018	21357.873
17.000000	21249.721
17.200073	21219.512
17.400024	21408.996
17.600006	21358.012
17.800018	21469.053
18.000000	21453.793
18.200073	21530.695
18.400024	21423.852
18.600006	21435.582
18.800018	21578.662
19.000000	21195.506
19.200073	21161.520
19.400024	21237.070
19.600006	21178.082
19.800018	21363.473
20.000000	21484.723
20.200073	21218.543
20.400024	21408.797
20.600006	21478.793
20.800018	21283.422
21.000000	21241.316
21.200073	21297.508
21.400024	21279.414
21.600006	21097.322
21.800018	21228.527
22.000000	21367.852
22.200073	21316.654
22.400024	21049.895
22.600006	21056.039
22.800018	21225.646
23.000000	21128.648
23.200073	21002.666
23.400024	21172.410
23.600006	21168.715
23.800018	21116.543
24.000000	21262.770
24.200134	21246.027
24.400024	21209.273
24.600006	21292.777
24.800018	21156.947
25.000000	21089.910
25.200073	21044.711
25.400024	21301.008
25.600006	21181.551
25.800018	20797.469
26.000000	21012.977
26.200073	21306.500
26.400024	21283.434
26.600006	21182.463
26.800018	21007.520
27.000000	21086.344
27.200073	20991.469
27.400024	21251.645
27.600006	21292.988
27.800018	20987.023
28.000000	20799.814
28.200073	20825.066
28.400024	20836.816
28.600006	20713.059
28.800018	20862.152
29.000000	20938.240
29.200073	21176.518
29.400024	21196.586
29.600006	21022.789
29.800018	21331.547
30.000000	21212.410
30.200073	21002.854
30.400024	20991.473
30.600006	20999.094
30.800018	21022.723
31.000000	20875.064
31.200073	20931.459
31.400024	21058.574
31.600006	20900.279
31.800018	20878.305
32.000000	20845.812
32.200073	20856.246
32.400024	20730.617
32.600006	20437.195
32.800018	20565.803
33.000000	20530.207
33.200073	20572.979
33.400024	20782.430
33.600006	20696.059
33.800018	20526.125
34.000000	20638.145
34.200073	20811.008
34.400024	20583.879
34.600006	20633.441
34.800018	20889.031
35.000000	20859.383
35.200073	20703.883
35.400024	20912.088
35.600006	21002.633
35.800018	20875.713
36.000000	20821.215
36.200073	20869.168
36.400024	20696.830
36.600006	20720.047
36.800018	20572.590
37.000000	20545.879
37.200073	20612.367
37.400024	20658.441
37.600006	20493.992
37.800018	20660.746
38.000000	20603.285
38.200073	20578.738
38.400024	20923.076
38.600006	20844.014
38.800018	20729.791
39.000000	20780.396
39.200073	20952.244
39.400024	21095.826
39.600006	21031.211
39.800018	21044.410
40.000000	20925.621
40.200073	20860.498
40.400024	20865.297
40.600006	20988.672
40.800018	20946.609
41.000000	21149.621
41.200073	21270.215
41.400024	21016.547
41.600006	21033.059
41.800018	21006.113
42.000000	20752.646
42.200073	20700.020
42.400024	20922.689
42.600006	20919.996
42.800018	20726.264
43.000000	20620.789
43.200073	20545.959
43.400024	20884.711
43.600006	20768.225
43.800018	20775.182
44.000000	20835.281
44.200073	20614.559
44.400024	20360.918
44.600006	20552.428
44.800018	20736.215
45.000000	20688.523
45.200073	20380.266
45.400024	20287.863
45.600006	20273.559
45.800018	20336.562
46.000000	20679.418
46.200073	20627.939
46.400024	20538.934
46.600006	20386.379
46.800018	20316.727
47.000000	20260.863
47.200073	20183.953
47.400024	20172.408
47.600006	20194.930
47.800018	20257.672
48.000000	20337.621
48.200073	20176.473
48.400024	20147.160
48.600006	20230.016
48.800018	20343.338
49.000000	20494.027
49.200073	20335.453
49.400024	20268.520
49.600006	20172.355
49.800018	19937.035
50.000000	19812.369
50.200073	20059.268
50.400024	20375.025
50.600006	20345.521
50.800018	20061.840
51.000000	20157.352
51.200073	20308.703
51.400024	20126.742
51.600006	19970.254
51.800018	20148.332
52.000000	20120.051
52.200073	19960.523
52.400024	19757.969
52.600006	19765.299
52.800018	19805.393
53.000000	19892.930
53.200073	19806.475
53.400024	19709.451
53.600006	19621.361
53.800018	19746.660
54.000000	19878.789
54.200073	19884.844
54.400024	20066.059
54.600006	19981.170
54.800018	19896.387
55.000000	20078.357
55.200073	20000.098
55.400024	20111.590
55.600006	20028.896
55.800018	19925.488
56.000000	20148.609
56.200073	20250.688
56.400024	20196.451
56.600006	20032.812
56.800018	20037.719
57.000000	20170.887
57.200073	19997.328
57.400024	19934.748
57.600006	20206.473
57.800018	20201.078
58.000000	20118.668
58.200073	19924.668
58.400024	19779.887
58.600006	19875.996
58.800018	19919.586
59.000000	19943.562
59.200073	19765.391
59.400024	19738.309
59.600006	20022.479
59.800018	20126.346
60.000000	20097.152
60.200073	20231.859
60.400024	20311.832
60.600006	20333.113
60.800018	20408.887
61.000000	20462.320
61.200073	20603.535
61.400024	20852.648
61.600006	20972.285
61.800018	20811.254
62.000000	20983.016
62.200073	20934.203
62.400024	20864.160
62.600006	20990.953
62.800018	20953.748
63.000000	20957.561
63.200073	20726.695
63.400024	20738.930
63.600006	20662.133
63.800018	20548.016
64.000000	20485.816
64.200073	20520.715
64.400024	20512.871
64.600006	20410.848
64.800018	20396.797
65.000000	20113.562
65.200073	19947.656
65.400024	19979.113
65.600006	20043.340
65.800018	20192.191
66.000000	20158.428
66.200073	20030.031
66.400024	19927.672
66.600006	20052.020
66.800018	20217.748
67.000000	20368.051
67.200073	20244.371
67.400024	20176.996
67.600006	20138.346
67.800018	20153.059
68.000000	19960.324
68.200073	19948.578
68.400024	19929.523
68.600006	20170.113
68.800018	20047.004
69.000000	20081.812
69.200073	20062.467
69.400024	19901.020
69.600006	19571.531
69.800018	19647.094
70.000000	19849.838
70.200073	19838.201
70.400024	19815.387
70.600006	19773.744
70.800018	19812.320
71.000000	19699.984
71.200073	19707.801
71.400024	19989.332
71.600006	20030.844
71.800018	19935.348
72.000000	20177.367
72.200073	20427.312
72.400024	20248.078
72.600006	20138.561
72.800018	20468.574
73.000000	20505.879
73.200073	20223.814
73.400024	20111.465
73.600006	20271.879
73.800018	20303.852
74.000000	20457.252
74.200073	20408.004
74.400024	20437.984
74.600006	20446.836
74.800018	20373.859
75.000000	20247.504
75.200073	20249.750
75.400024	20254.328
75.600006	20286.633
75.800018	20207.328
76.000000	20226.568
76.200073	20043.809
76.400024	19964.104
76.600006	20009.109
76.800018	19714.574
77.000000	19657.793
77.200073	19579.680
77.400024	19523.158
77.600006	19642.922
77.800018	19566.920
78.000000	19657.381
78.200073	19848.668
78.400024	19690.605
78.600006	19453.438
78.800018	19306.309
79.000000	19524.246
79.200073	19584.422
79.400024	19527.188
79.600006	19949.691
79.800018	19936.285
