#  Table rgs12o12_b80_15_0134522201.lc[1]  Wed 15:45:18 27-Nov-2013

#   TIME     RATE1    ERROR1 
#    s      count/s   count/s 
              
      0     4.59      0.25 
     80     4.56      0.25 
    160     4.50      0.24 
    240     5.02      0.26 
    320     4.69      0.25 
    400     4.90      0.25 
    480     4.64      0.25 
    559     5.02      0.25 
    640     4.88      0.25 
    719     4.70      0.25 
    800     4.22      0.24 
    880     4.21      0.24 
    959     3.99      0.23 
   1040     4.12      0.24 
   1120     4.31      0.24 
   1200     4.33      0.24 
   1280     4.51      0.24 
   1360     4.10      0.23 
   1440     4.69      0.25 
   1520     4.01      0.23 
   1600     4.17      0.24 
   1680     3.86      0.23 
   1760     4.10      0.23 
   1840     4.23      0.24 
   1920     3.93      0.24 
   2000     4.07      0.24 
   2080     4.13      0.24 
   2160     3.82      0.23 
   2240     4.17      0.24 
   2320     4.14      0.24 
   2400     4.16      0.24 
   2480     3.64      0.23 
   2560     4.13      0.24 
   2640     4.34      0.24 
   2720     4.45      0.25 
   2800     4.27      0.24 
   2880     4.13      0.24 
   2960     4.20      0.24 
   3040     3.92      0.23 
   3120     3.90      0.23 
   3200     4.10      0.23 
   3280     4.22      0.24 
   3360     4.08      0.24 
   3440     3.87      0.23 
   3520     4.01      0.23 
   3600     4.22      0.24 
   3680     4.03      0.23 
   3760     3.92      0.23 
   3840     4.13      0.24 
   3920     3.90      0.23 
   4000     3.99      0.23 
   4080     3.97      0.23 
   4160     3.89      0.23 
   4240     4.15      0.23 
   4320     3.68      0.23 
   4400     3.66      0.22 
   4480     4.09      0.23 
   4560     3.56      0.22 
   4640     3.50      0.22 
   4720     3.93      0.23 
   4800     3.70      0.22 
   4880     3.88      0.23 
   4960     3.97      0.23 
   5040     4.03      0.23 
   5120     3.90      0.23 
   5200     3.54      0.22 
   5279     3.60      0.22 
   5360     3.68      0.22 
   5439     3.72      0.23 
   5520     3.42      0.22 
   5599     3.41      0.21 
   5679     3.33      0.21 
   5759     3.49      0.21 
   5839     3.56      0.22 
   5919     3.83      0.23 
   6000     3.53      0.22 
   6079     3.15      0.21 
   6159     3.95      0.23 
   6239     3.51      0.22 
   6320     3.76      0.23 
   6400     3.34      0.21 
   6479     3.35      0.21 
   6559     3.09      0.20 
   6640     3.66      0.22 
   6720     3.40      0.21 
   6799     3.19      0.21 
   6879     3.75      0.22 
   6959     3.37      0.21 
   7040     3.78      0.23 
   7119     3.41      0.21 
   7199     3.77      0.22 
   7279     3.44      0.22 
   7359     2.96      0.20 
   7439     3.22      0.21 
   7520     3.77      0.23 
   7600     2.97      0.20 
   7680     2.77      0.19 
   7760     3.25      0.21 
   7840     3.31      0.22 
   7920     3.56      0.22 
   8000     3.26      0.21 
   8080     2.95      0.20 
   8160     3.47      0.22 
   8240     3.41      0.21 
   8320     3.10      0.20 
   8400     2.91      0.20 
   8480     3.04      0.20 
   8559     2.98      0.20 
   8640     3.14      0.21 
   8720     3.27      0.21 
   8800     3.40      0.22 
   8879     3.49      0.22 
   8959     3.50      0.22 
   9040     3.35      0.21 
   9120     3.41      0.21 
   9199     3.41      0.22 
   9279     3.37      0.21 
   9359     2.99      0.20 
   9440     3.10      0.20 
   9519     3.33      0.21 
   9599     3.20      0.21 
   9679     3.07      0.20 
   9759     3.18      0.21 
   9839     3.40      0.22 
   9919     3.06      0.20 
  10000     2.82      0.20 
  10080     3.12      0.21 
  10160     3.47      0.22 
  10240     3.06      0.20 
  10320     3.02      0.21 
  10400     3.13      0.20 
  10480     2.99      0.20 
  10560     3.12      0.21 
  10640     2.91      0.32 
  10800     2.82      0.20 
  10880     2.88      0.20 
  10960     2.98      0.20 
  11040     3.01      0.20 
  11120     2.69      0.19 
  11200     2.73      0.19 
  11280     2.75      0.19 
  11360     2.97      0.20 
  11440     2.88      0.20 
  11520     2.76      0.20 
  11600     2.99      0.20 
  11680     2.45      0.18 
  11760     2.72      0.19 
  11840     2.98      0.20 
  11920     2.44      0.18 
  12000     2.56      0.19 
  12080     3.21      0.21 
  12160     2.88      0.20 
  12240     2.81      0.20 
  12320     2.74      0.20 
  12400     2.90      0.20 
  12480     2.61      0.19 
  12560     2.59      0.19 
  12640     2.83      0.20 
  12720     2.43      0.19 
  12800     2.15      0.18 
  12880     2.91      0.20 
  12960     2.75      0.19 
  13040     2.33      0.18 
  13120     2.71      0.20 
  13200     2.47      0.19 
  13280     2.60      0.20 
  13360     2.17      0.19 
  13440     2.68      0.19 
  13520     2.48      0.18 
  13600     2.45      0.18 
  13680     2.35      0.18 
  13760     2.25      0.18 
  13840     2.39      0.18 
  13920     2.47      0.18 
  14000     2.33      0.18 
  14080     2.28      0.17 
  14160     2.41      0.18 
  14240     2.34      0.32 
  14720     2.21      0.23 
  14800     2.42      0.18 
  14880     2.51      0.19 
  14960     2.81      0.19 
  15040     2.68      0.19 
  15120     2.34      0.18 
  15200     2.37      0.18 
  15280     2.22      0.18 
  15360     2.73      0.19 
  15440     2.57      0.19 
  15520     2.33      0.18 
  15600     2.33      0.18 
  15680     2.21      0.17 
  15760     1.97      0.17 
  15840     2.24      0.18 
  15920     2.19      0.18 
  16000     2.25      0.17 
  16080     2.40      0.18 
  16160     2.20      0.17 
  16240     2.34      0.18 
  16320     2.72      0.19 
  16400     2.01      0.17 
  16480     2.39      0.18 
  16560     2.31      0.18 
  16640     2.23      0.18 
  16720     2.17      0.18 
  16800     2.20      0.17 
  16880     2.04      0.17 
  16960     2.43      0.18 
  17040     2.25      0.18 
  17120     2.52      0.19 
  17200     2.38      0.18 
  17280     2.39      0.18 
  17360     2.05      0.17 
  17440     2.47      0.18 
  17520     2.36      0.17 
  17600     2.48      0.18 
  17680     2.28      0.18 
  17760     2.28      0.18 
  17840     2.47      0.18 
  17920     2.25      0.18 
  18000     2.27      0.18 
  18080     2.51      0.18 
  18160     2.41      0.18 
  18240     2.41      0.18 
  18320     2.48      0.18 
  18400     2.26      0.18 
  18480     2.36      0.18 
  18560     2.41      0.18 
  18640     2.28      0.17 
  18720     2.26      0.18 
  18800     2.40      0.18 
  18880     2.04      0.17 
  18960     2.18      0.17 
  19040     2.58      0.19 
  19120     2.30      0.18 
  19200     2.63      0.19 
  19280     2.40      0.18 
  19360     2.23      0.17 
  19440     2.24      0.17 
  19520     2.24      0.18 
  19600     2.24      0.17 
  19680     2.10      0.17 
  19760     2.21      0.17 
  19840     2.13      0.17 
  19920     1.85      0.16 
  20000     2.13      0.17 
  20080     2.17      0.17 
  20160     2.29      0.18 
  20240     2.18      0.17 
  20320     2.24      0.18 
  20400     2.15      0.17 
  20480     2.22      0.17 
  20560     2.26      0.18 
  20640     1.81      0.16 
  20720     2.24      0.17 
  20800     1.94      0.17 
  20880     2.11      0.17 
  20960     2.28      0.18 
  21040     2.15      0.17 
  21120     2.04      0.17 
  21200     1.74      0.15 
  21280     1.94      0.16 
  21360     2.17      0.17 
  21440     2.22      0.17 
  21520     2.12      0.17 
  21600     2.10      0.17 
  21680     2.05      0.17 
  21760     2.09      0.17 
  21840     2.09      0.17 
  21920     4.30      0.24 
  22000     6.26      0.29 
  22080     5.17      0.26 
  22160     4.31      0.24 
  22240     3.88      0.23 
  22320     3.05      0.20 
  22400     3.15      0.21 
  22480     2.66      0.19 
  22560     2.71      0.19 
  22640     2.33      0.18 
  22720     2.20      0.18 
  22800     2.40      0.18 
  22880     2.62      0.19 
  22960     2.31      0.18 
  23040     2.05      0.17 
  23120     2.33      0.18 
  23200     2.42      0.18 
  23280     2.49      0.18 
  23360     2.49      0.18 
  23440     2.04      0.17 
  23520     2.30      0.18 
  23600     2.35      0.18 
  23680     2.30      0.18 
  23760     2.33      0.18 
  23840     2.12      0.17 
  23920     2.26      0.18 
  24000     2.36      0.18 
  24080     2.19      0.17 
  24160     2.06      0.17 
  24240     2.05      0.17 
  24320     2.52      0.18 
  24400     2.05      0.17 
  24480     2.15      0.17 
  24560     1.91      0.16 
  24640     2.02      0.17 
  24720     2.25      0.17 
  24800     2.25      0.18 
  24880     2.33      0.18 
  24960     2.09      0.17 
  25040     2.25      0.17 
  25120     2.08      0.17 
  25200     2.24      0.17 
  25280     2.30      0.17 
  25360     2.44      0.18 
  25440     2.12      0.17 
  25520     2.00      0.17 
  25600     1.81      0.16 
  25680     2.10      0.17 
  25760     1.99      0.17 
  25840     2.31      0.18 
  25920     2.30      0.18 
  26000     2.03      0.17 
  26080     2.03      0.17 
  26160     2.06      0.17 
  26240     2.06      0.16 
  26320     2.15      0.17 
  26400     2.38      0.18 
  26480     2.05      0.17 
  26560     1.93      0.17 
  26640     1.88      0.17 
  26720     2.38      0.18 
  26800     2.18      0.17 
  26880     2.30      0.18 
  26960     2.05      0.17 
  27040     2.15      0.18 
  27120     2.60      0.19 
  27200     2.32      0.18 
  27280     2.37      0.18 
  27360     2.39      0.18 
  27440     2.38      0.18 
  27520     2.28      0.18 
  27600     2.65      0.19 
  27680     2.43      0.18 
  27760     2.09      0.17 
  27840     2.34      0.18 
  27920     2.14      0.17 
  28000     2.03      0.17 
  28080     2.08      0.17 
  28160     2.15      0.17 
  28240     2.16      0.17 
  28320     1.96      0.17 
  28400     2.09      0.17 
  28480     2.20      0.18 
  28560     2.04      0.16 
  28640     2.20      0.17 
  28720     2.17      0.17 
  28800     2.27      0.17 
  28880     2.03      0.17 
  28960     1.86      0.16 
  29040     2.14      0.17 
  29120     1.98      0.17 
  29200     2.20      0.18 
  29280     2.07      0.17 
  29360     2.49      0.18 
  29440     2.12      0.17 
  29520     2.55      0.18 
  29600     2.13      0.17 
  29680     2.44      0.18 
  29760     2.35      0.18 
  29839     2.18      0.17 
  29920     2.17      0.17 
  30000     1.79      0.16 
  30080     2.10      0.17 
  30160     2.03      0.17 
  30240     2.36      0.18 
  30320     2.17      0.17 
  30400     1.95      0.16 
  30480     2.20      0.17 
  30560     2.00      0.17 
  30640     2.49      0.18 
  30720     2.36      0.18 
  30800     2.23      0.18 
  30880     2.61      0.19 
  30960     2.15      0.17 
  31040     1.96      0.17 
  31120     2.53      0.18 
  31200     2.32      0.18 
  31280     2.51      0.19 
  31360     2.02      0.17 
  31440     2.21      0.17 
  31520     1.96      0.16 
  31600     2.27      0.17 
  31680     2.40      0.18 
  31760     2.41      0.18 
  31840     2.04      0.17 
  31920     2.45      0.18 
  32000     2.19      0.17 
  32080     2.23      0.18 
  32160     2.30      0.18 
  32239     2.20      0.17 
  32320     1.84      0.16 
  32400     2.41      0.18 
  32480     2.22      0.17 
  32560     2.58      0.19 
  32640     2.03      0.16 
  32720     2.32      0.18 
  32800     2.25      0.17 
  32880     2.38      0.18 
  32960     2.20      0.17 
  33040     2.42      0.18 
  33120     2.20      0.17 
  33200     2.00      0.17 
  33280     2.26      0.17 
  33360     2.28      0.17 
  33440     2.37      0.18 
  33519     2.15      0.17 
  33600     2.47      0.18 
  33680     2.52      0.18 
  33760     2.18      0.17 
  33839     2.32      0.18 
  33920     2.54      0.18 
  34000     2.59      0.18 
  34080     2.50      0.18 
  34160     2.48      0.19 
  34239     2.02      0.16 
  34320     2.22      0.17 
  34400     2.52      0.18 
  34480     2.56      0.19 
  34560     2.42      0.18 
  34640     2.26      0.18 
  34720     2.57      0.19 
  34800     2.43      0.18 
  34880     2.55      0.19 
  34960     2.46      0.18 
  35040     2.36      0.18 
  35120     2.68      0.19 
  35200     2.76      0.19 
  35280     2.41      0.18 
  35360     2.49      0.18 
  35439     2.31      0.18 
  35520     2.59      0.19 
  35600     2.52      0.18 
  35680     2.39      0.18 
  35760     2.34      0.18 
  35839     2.59      0.19 
  35920     2.37      0.18 
  36000     2.39      0.18 
  36080     2.16      0.17 
  36160     2.69      0.19 
  36239     2.49      0.18 
  36320     2.52      0.19 
  36400     2.17      0.18 
  36480     2.18      0.17 
  36560     2.61      0.19 
  36640     2.20      0.17 
  36720     2.75      0.19 
  36800     2.43      0.18 
  36880     2.38      0.18 
  36960     2.59      0.18 
  37040     2.58      0.18 
  37120     2.46      0.18 
  37200     2.49      0.19 
  37280     2.73      0.19 
  37360     2.42      0.18 
  37440     2.55      0.18 
  37520     2.73      0.19 
  37600     2.41      0.18 
  37680     2.54      0.18 
  37760     2.46      0.19 
  37840     2.58      0.18 
  37920     2.31      0.18 
  38000     2.93      0.20 
  38080     2.59      0.19 
  38160     2.62      0.19 
  38240     2.41      0.18 
  38320     2.39      0.18 
  38400     2.83      0.19 
  38480     2.66      0.19 
  38560     2.47      0.19 
  38640     2.60      0.19 
  38720     2.56      0.18 
  38800     2.23      0.18 
  38880     2.78      0.19 
  38960     2.70      0.19 
  39040     2.60      0.19 
  39120     2.70      0.19 
  39200     2.59      0.19 
  39280     2.82      0.20 
  39360     2.60      0.19 
  39440     2.89      0.19 
  39519     3.04      0.20 
  39600     3.01      0.20 
  39680     2.87      0.20 
  39760     2.93      0.20 
  39840     2.77      0.19 
  39920     3.01      0.20 
  40000     3.21      0.20 
  40080     3.00      0.20 
  40160     3.03      0.20 
  40239     2.86      0.20 
  40320     3.15      0.21 
  40400     3.12      0.20 
  40480     2.88      0.20 
  40560     2.88      0.20 
  40640     2.88      0.20 
  40720     2.90      0.20 
  40800     2.99      0.20 
  40880     2.39      0.18 
  40960     3.17      0.21 
  41040     3.33      0.21 
  41120     2.99      0.20 
  41200     3.36      0.21 
  41280     3.26      0.21 
  41360     2.84      0.20 
  41440     3.04      0.20 
  41519     3.03      0.20 
  41600     2.86      0.20 
  41680     2.71      0.19 
  41760     2.96      0.20 
  41839     3.10      0.20 
  41920     3.05      0.20 
  42000     3.11      0.21 
  42080     3.01      0.20 
  42160     3.14      0.20 
  42239     2.88      0.20 
  42320     2.70      0.19 
  42400     3.16      0.21 
  42480     3.59      0.22 
  42560     3.32      0.21 
  42640     3.23      0.21 
  42720     3.08      0.21 
  42799     3.21      0.21 
  42880     3.29      0.21 
  42960     3.06      0.20 
  43040     3.17      0.21 
  43119     3.26      0.21 
  43200     3.50      0.21 
  43280     3.24      0.21 
  43360     3.58      0.22 
  43440     2.94      0.20 
  43519     2.75      0.20 
  43600     3.27      0.21 
  43680     3.21      0.21 
  43760     3.44      0.21 
  43840     3.42      0.22 
  43920     3.38      0.21 
  44000     3.44      0.21 
  44080     3.25      0.21 
  44160     3.37      0.21 
  44240     3.45      0.21 
  44320     3.37      0.21 
  44400     3.39      0.21 
  44480     3.07      0.20 
  44560     3.37      0.21 
  44640     3.05      0.20 
  44719     3.72      0.22 
  44800     3.38      0.21 
  44880     3.42      0.22 
  44960     3.25      0.21 
  45040     3.78      0.23 
  45119     3.24      0.21 
  45200     3.27      0.21 
  45280     3.53      0.22 
  45360     3.07      0.20 
  45440     3.36      0.21 
  45519     3.35      0.21 
  45600     3.37      0.21 
  45680     3.17      0.21 
  45760     3.25      0.21 
  45840     3.38      0.21 
  45920     2.94      0.20 
  46000     3.22      0.21 
  46080     3.25      0.21 
  46160     3.21      0.21 
  46240     3.49      0.22 
  46320     3.42      0.21 
  46400     3.60      0.22 
  46480     3.35      0.21 
  46560     3.11      0.21 
  46640     3.32      0.21 
  46720     3.47      0.21 
  46800     2.97      0.21 
  46880     3.35      0.21 
  46960     3.32      0.21 
  47040     3.22      0.21 
  47120     3.21      0.21 
  47200     3.59      0.22 
  47280     3.28      0.22 
  47360     3.34      0.21 
  47440     3.47      0.22 
  47520     3.74      0.22 
  47600     3.84      0.23 
  47680     3.61      0.22 
  47760     3.34      0.21 
  47840     3.12      0.20 
  47920     2.98      0.20 
  48000     3.23      0.21 
  48080     3.58      0.22 
  48160     3.83      0.22 
  48240     3.45      0.21 
  48320     3.53      0.21 
  48400     3.02      0.20 
  48480     3.33      0.21 
  48560     3.13      0.20 
  48640     3.30      0.21 
  48720     3.48      0.21 
  48800     2.98      0.20 
  48880     3.66      0.22 
  48960     3.63      0.22 
  49040     3.15      0.21 
  49120     3.27      0.21 
  49200     3.45      0.21 
  49280     3.62      0.22 
  49360     2.65      0.19 
  49440     3.23      0.21 
  49520     3.62      0.22 
  49600     3.28      0.21 
  49680     3.00      0.20 
  49760     3.46      0.21 
  49840     3.59      0.21 
  49920     3.54      0.22 
  50000     3.10      0.20 
  50080     3.56      0.22 
  50160     3.10      0.21 
  50239     3.69      0.22 
  50319     3.58      0.22 
  50400     3.56      0.22 
  50480     3.20      0.21 
  50560     3.26      0.21 
  50639     3.52      0.21 
  50719     3.11      0.20 
  50800     3.55      0.22 
  50880     3.25      0.21 
  50960     3.37      0.21 
  51039     2.99      0.20 
  51119     3.53      0.22 
  51200     3.20      0.21 
  51279     2.90      0.20 
  51360     3.09      0.21 
  51439     3.36      0.21 
  51519     3.18      0.21 
  51600     3.38      0.21 
  51679     3.27      0.21 
  51760     3.10      0.21 
  51839     3.33      0.44 
