#  Table pn_b60_10b_0134521601.lc[1]  Wed 10:13:28 27-Nov-2013

#   TIME     RATE1    ERROR1 
#    s      count/s   count/s 
              
      0     37.42      1.01 
     60     38.47      1.02 
    120     36.64      0.99 
    180     40.26      1.04 
    240     36.21      0.99 
    300     37.67      1.01 
    360     37.26      1.00 
    420     37.96      1.01 
    480     38.45      1.02 
    540     37.69      1.01 
    600     37.91      1.01 
    659     37.64      1.01 
    719     36.10      0.99 
    780     38.21      1.01 
    840     35.17      0.97 
    900     36.89      1.00 
    959     38.19      1.01 
   1020     38.06      1.01 
   1080     37.28      1.00 
   1140     34.88      0.97 
   1200     35.90      0.98 
   1260     35.56      0.98 
   1320     36.22      0.99 
   1380     36.62      0.99 
   1440     35.66      0.98 
   1500     36.88      1.00 
   1560     35.08      0.97 
   1620     36.31      0.99 
   1680     35.32      0.98 
   1740     35.66      0.98 
   1800     35.19      0.97 
   1860     36.53      0.99 
   1920     36.82      1.00 
   1980     37.47      1.00 
   2040     36.79      1.00 
   2100     36.18      0.99 
   2160     36.32      0.99 
   2220     38.15      1.01 
   2280     35.53      0.98 
   2340     35.94      0.98 
   2400     36.84      1.00 
   2460     36.39      0.99 
   2520     38.94      1.03 
   2580     36.04      0.98 
   2640     35.83      0.98 
   2700     38.42      1.02 
   2760     36.71      1.00 
   2820     36.90      1.00 
   2880     37.63      1.01 
   2940     37.08      1.00 
   3000     35.95      0.98 
   3060     38.06      1.01 
   3120     36.78      1.00 
   3180     38.28      1.02 
   3240     36.06      0.98 
   3300     37.80      1.01 
   3360     37.32      1.00 
   3420     37.67      1.01 
   3480     37.61      1.01 
   3540     37.27      1.00 
   3600     36.23      0.99 
   3660     35.03      0.97 
   3720     36.36      0.99 
   3780     35.69      0.98 
   3840     35.78      0.98 
   3900     35.00      0.97 
   3960     36.76      1.00 
   4020     35.76      0.98 
   4080     34.96      0.97 
   4140     36.18      0.99 
   4200     35.30      0.98 
   4260     35.62      0.98 
   4320     35.73      0.98 
   4380     34.16      0.96 
   4440     36.32      0.99 
   4500     33.38      0.95 
   4560     34.38      0.96 
   4620     34.67      0.97 
   4680     35.42      0.98 
   4740     34.78      0.97 
   4800     34.01      0.96 
   4860     36.21      0.99 
   4920     35.51      0.98 
   4979     34.91      0.97 
   5040     34.33      0.96 
   5100     35.84      0.98 
   5160     34.04      0.96 
   5220     35.54      0.98 
   5279     35.69      0.98 
   5340     33.85      0.96 
   5400     38.13      1.01 
   5460     35.22      0.97 
   5520     35.04      0.97 
   5580     33.74      0.95 
   5639     36.43      0.99 
   5700     34.64      0.97 
   5759     35.69      0.98 
   5820     35.19      0.97 
   5879     37.19      1.00 
   5939     37.23      1.00 
   6000     35.84      0.98 
   6060     35.72      0.98 
   6119     36.52      0.99 
   6179     38.11      1.01 
   6239     38.03      1.01 
   6300     38.33      1.01 
   6360     39.02      1.02 
   6420     37.20      1.00 
   6479     36.25      0.99 
   6540     37.82      1.01 
   6599     37.08      1.00 
   6659     37.05      1.00 
   6720     35.13      0.97 
   6779     36.67      0.99 
   6840     35.36      0.98 
   6900     34.77      0.97 
   6959     36.91      1.00 
   7020     36.36      0.99 
   7079     37.39      1.00 
   7140     36.58      0.99 
   7199     36.53      0.99 
   7259     34.41      0.96 
   7319     35.01      0.97 
   7379     34.68      0.97 
   7439     36.23      0.99 
   7500     35.96      0.98 
   7560     36.08      0.99 
   7620     33.83      0.95 
   7680     34.87      0.97 
   7740     35.23      0.97 
   7800     34.71      0.97 
   7859     36.13      0.99 
   7920     35.41      0.98 
   7979     36.23      0.99 
   8040     38.01      1.01 
   8099     38.65      1.02 
   8160     38.61      1.02 
   8220     40.95      1.05 
   8279     41.20      1.05 
   8339     41.21      1.05 
   8400     42.80      1.07 
   8459     42.42      1.07 
   8519     42.85      1.07 
   8579     44.06      1.09 
   8640     44.14      1.09 
   8699     47.28      1.13 
   8760     46.61      1.12 
   8820     46.04      1.11 
   8879     50.55      1.17 
   8940     48.21      1.14 
   9000     47.94      1.14 
   9059     48.69      1.15 
   9120     46.28      1.12 
   9179     48.10      1.14 
   9240     45.44      1.11 
   9300     46.59      1.12 
   9359     48.28      1.14 
   9419     48.50      1.14 
   9480     48.12      1.14 
   9540     49.34      1.15 
   9599     45.72      1.11 
   9659     47.81      1.13 
   9720     48.98      1.15 
   9779     49.14      1.15 
   9839     49.88      1.16 
   9899     46.05      1.11 
   9959     47.38      1.13 
  10020     46.98      1.13 
  10080     49.40      1.15 
  10140     48.96      1.15 
  10200     47.86      1.14 
  10260     46.46      1.12 
  10320     47.48      1.13 
  10380     46.86      1.13 
  10440     47.87      1.14 
  10500     48.29      1.16 
  10560     48.70      1.15 
  10620     44.78      1.10 
  10680     47.22      1.13 
  10740     47.46      1.14 
  10800     47.49      1.16 
  10860     47.28      1.15 
  10920     46.98      1.15 
  10980     47.48      1.15 
  11040     48.49      1.17 
  11100     48.57      1.17 
  11160     46.38      1.14 
  11220     48.21      1.15 
  11280     49.20      1.16 
  11340     50.17      1.18 
  11400     46.96      1.17 
  11460     49.68      1.18 
  11520     46.90      1.14 
  11580     47.39      1.14 
  11640     47.19      1.14 
  11700     47.34      1.14 
  11760     46.81      1.15 
  11820     49.98      1.19 
  11880     48.30      1.16 
  11940     46.34      1.14 
  12000     48.79      1.16 
  12060     47.09      1.16 
  12120     46.90      1.16 
  12180     46.83      1.16 
  12240     48.27      1.18 
  12300     47.91      1.17 
  12360     47.08      1.15 
  12420     46.11      1.13 
  12480     47.06      1.14 
  12540     44.79      1.13 
  12600     46.87      1.14 
  12660     47.67      1.14 
  12720     46.39      1.13 
  12780     47.74      1.15 
  12840     45.88      1.14 
  12900     44.98      1.14 
  12960     45.13      1.13 
  13020     45.88      1.15 
  13080     43.72      1.10 
  13140     46.70      1.13 
  13200     46.02      1.15 
  13260     47.71      1.17 
  13320     45.98      1.15 
  13380     46.48      1.15 
  13440     46.41      1.15 
  13500     42.79      1.10 
  13560     47.25      1.14 
  13620     45.58      1.13 
  13680     44.75      1.13 
  13740     44.96      1.13 
  13800     45.32      1.14 
  13860     44.63      1.12 
  13920     45.27      1.13 
  13980     44.50      1.14 
  14040     45.42      1.16 
  14100     45.40      1.13 
  14160     44.86      1.14 
  14220     43.05      1.11 
  14280     44.31      1.15 
  14340     42.83      1.10 
  14400     43.76      1.13 
  14460     45.18      1.16 
  14520     44.22      1.14 
  14580     43.45      1.13 
  14640     47.11      1.17 
  14700     46.71      1.15 
  14760     48.67      1.20 
  14820     52.35      1.24 
  14880     51.50      1.22 
  14940     50.63      1.21 
  15000     51.38      1.21 
  15060     52.87      1.23 
  15120     52.36      1.23 
  15180     52.98      1.25 
  15240     52.34      1.23 
  15300     51.09      1.22 
  15360     51.93      1.23 
  15420     50.29      1.22 
  15480     52.04      1.22 
  15540     49.77      1.20 
  15600     48.93      1.23 
  15660     49.20      1.23 
  15720     47.90      1.20 
  15780     48.89      1.23 
  15840     47.80      1.19 
  15900     47.41      1.19 
  15960     48.46      1.19 
  16020     47.62      1.18 
  16080     49.41      1.21 
  16140     47.69      1.19 
  16200     47.11      1.20 
  16260     46.78      1.19 
  16320     45.45      1.19 
  16380     45.99      1.18 
  16440     47.97      1.18 
  16500     46.44      1.19 
  16560     44.40      1.16 
  16620     46.60      1.18 
  16680     42.68      1.16 
  16740     44.79      1.17 
  16800     44.38      1.17 
  16860     47.08      1.21 
  16920     44.71      1.17 
  16980     43.75      1.15 
  17040     42.94      1.15 
  17100     43.80      1.14 
  17160     43.78      1.14 
  17220     46.27      1.20 
  17280     43.18      1.17 
  17340     40.22      1.11 
  17400     40.35      1.11 
  17460     48.02      7.16 
