#  Table rgs12o12_b60_10b_0134521601.lc[1]  Wed 15:45:06 27-Nov-2013

#   TIME     RATE1    ERROR1 
#    s      count/s   count/s 
              
      0     6.62      0.40 
     60     6.50      0.37 
    120     6.27      0.33 
    180     6.28      0.33 
    240     6.04      0.35 
    300     5.98      0.34 
    360     6.24      0.34 
    420     6.93      0.35 
    480     6.75      0.34 
    540     6.87      0.35 
    600     7.24      0.36 
    659     6.92      0.38 
    719     6.26      0.33 
    780     6.96      0.35 
    840     6.75      0.34 
    900     6.70      0.34 
    959     6.39      0.33 
   1020     6.07      0.33 
   1080     6.83      0.35 
   1140     6.57      0.37 
   1200     6.21      0.37 
   1260     6.51      0.34 
   1320     7.02      0.36 
   1380     6.21      0.35 
   1440     6.33      0.33 
   1500     5.79      0.32 
   1560     5.80      0.32 
   1620     5.66      0.34 
   1680     6.31      0.36 
   1740     6.38      0.33 
   1800     6.94      0.35 
   1860     6.21      0.37 
   1920     7.23      0.38 
   1980     6.27      0.33 
   2040     6.17      0.33 
   2100     6.92      0.35 
   2160     6.65      0.34 
   2220     6.21      0.37 
   2280     6.24      0.38 
   2340     6.54      0.34 
   2400     5.91      0.32 
   2460     5.59      0.32 
   2520     5.83      0.33 
   2580     5.93      0.37 
   2640     6.38      0.33 
   2700     6.16      0.34 
   2760     5.28      0.32 
   2820     5.82      0.35 
   2880     5.17      0.33 
   2940     5.26      0.31 
   3000     5.03      0.30 
   3060     4.65      0.29 
   3120     4.87      0.30 
   3180     4.49      0.31 
   3240     4.82      0.33 
   3300     4.94      0.30 
   3360     4.27      0.29 
   3420     4.58      0.29 
   3480     4.51      0.28 
   3540     4.09      0.27 
   3600     3.88      0.26 
   3660     4.55      0.31 
   3720     4.17      0.27 
   3780     3.65      0.26 
   3840     3.68      0.26 
   3900     4.08      0.27 
   3960     3.76      0.27 
   4020     4.01      0.29 
   4080     4.15      0.30 
   4140     3.89      0.26 
   4200     4.23      0.31 
   4260     3.67      0.26 
   4320     3.51      0.25 
   4380     3.90      0.26 
   4440     3.86      0.31 
   4500     3.68      0.26 
   4560     3.37      0.27 
   4620     3.83      0.26 
   4680     4.05      0.29 
   4740     3.65      0.26 
   4800     3.42      0.25 
   4860     3.89      0.26 
   4920     3.78      0.26 
   4979     4.10      0.27 
   5040     3.97      0.27 
   5100     3.96      0.29 
   5160     4.00      0.28 
   5220     3.91      0.29 
   5279     3.66      0.25 
   5340     4.09      0.29 
   5400     3.98      0.26 
   5460     3.40      0.25 
   5520     3.84      0.26 
   5580     4.02      0.30 
   5639     3.71      0.28 
   5700     3.63      0.28 
   5759     4.06      0.29 
   5820     3.75      0.26 
   5879     3.84      0.26 
   5939     3.99      0.27 
   6000     3.80      0.26 
   6060     3.45      0.27 
   6119     3.76      0.26 
   6179     3.56      0.26 
   6239     3.43      0.25 
   6300     4.11      0.29 
   6360     4.22      0.27 
   6420     4.25      0.28 
   6479     3.93      0.27 
   6540     3.50      0.26 
   6599     3.84      0.28 
   6659     3.66      0.28 
   6720     3.69      0.26 
   6779     3.41      0.25 
   6840     3.83      0.26 
   6900     3.37      0.27 
   6959     3.54      0.25 
   7020     3.80      0.26 
   7079     3.91      0.28 
   7140     3.70      0.26 
   7199     3.79      0.26 
   7259     3.64      0.28 
   7319     3.70      0.26 
   7379     3.86      0.26 
   7439     4.35      0.27 
   7500     3.71      0.28 
   7560     3.95      0.26 
   7620     3.31      0.24 
   7680     3.43      0.27 
   7740     3.57      0.25 
   7800     3.17      0.24 
   7859     3.47      0.29 
   7920     4.10      0.27 
   7979     4.05      0.27 
   8040     3.61      0.28 
   8099     3.31      0.26 
   8160     3.98      0.27 
   8220     4.00      0.27 
   8279     3.75      0.26 
   8339     4.11      0.29 
   8400     4.24      0.27 
   8459     3.71      0.28 
   8519     3.81      0.29 
   8579     3.89      0.27 
   8640     3.64      0.25 
   8699     3.59      0.25 
   8760     3.98      0.27 
   8820     3.44      0.25 
   8879     3.70      0.25 
   8940     3.92      0.27 
   9000     3.96      0.27 
   9059     3.72      0.28 
   9120     4.05      0.30 
   9179     3.61      0.25 
   9240     3.82      0.28 
   9300     3.78      0.26 
   9359     3.74      0.29 
   9419     3.54      0.27 
   9480     4.20      0.27 
   9540     3.87      0.27 
   9599     4.13      0.28 
   9659     3.56      0.27 
   9720     4.16      0.30 
   9779     3.86      0.26 
   9839     3.53      0.25 
   9899     4.13      0.27 
   9959     4.23      0.28 
  10020     4.05      0.29 
  10080     3.45      0.25 
  10140     3.59      0.26 
  10200     3.70      0.26 
  10260     3.80      0.26 
  10320     4.42      0.28 
  10380     4.14      0.27 
  10440     4.31      0.28 
  10500     4.10      0.27 
  10560     3.12      0.25 
  10620     4.05      0.38 
  10680     4.77      0.84 
  10740     4.14      0.27 
  10800     3.79      0.28 
  10860     4.34      0.27 
  10920     3.61      0.28 
  10980     4.05      0.27 
  11040     3.93      0.29 
  11100     4.06      0.27 
  11160     4.16      0.27 
  11220     4.09      0.27 
  11280     3.88      0.28 
  11340     4.74      0.29 
  11400     4.56      0.33 
  11460     4.36      0.28 
  11520     4.69      0.29 
  11580     5.00      0.32 
  11640     4.36      0.28 
  11700     4.37      0.28 
  11760     4.85      0.32 
  11820     4.73      0.32 
  11880     4.45      0.28 
  11940     3.99      0.27 
  12000     4.68      0.29 
  12060     4.67      0.32 
  12120     3.99      0.26 
  12180     4.66      0.31 
  12240     4.77      0.29 
  12300     4.45      0.28 
  12360     4.58      0.32 
  12420     4.67      0.29 
  12480     4.69      0.29 
  12540     5.15      0.30 
  12600     4.32      0.31 
  12660     3.60      0.26 
  12720     3.87      0.27 
  12780     4.30      0.28 
  12840     4.65      0.29 
  12900     4.17      0.28 
  12960     4.40      0.29 
  13020     4.56      0.28 
  13080     3.74      0.26 
  13140     4.85      0.29 
  13200     4.74      0.29 
  13260     4.32      0.33 
  13320     4.63      0.29 
  13380     4.19      0.27 
  13440     4.39      0.28 
  13500     4.58      0.31 
  13560     4.12      0.27 
  13620     4.74      0.29 
  13680     3.79      0.26 
  13740     4.83      0.29 
  13800     4.43      0.28 
  13860     4.03      0.27 
  13920     5.08      0.30 
  13980     4.10      0.31 
  14040     4.89      0.37 
  14100     4.49      0.31 
  14160     4.03      0.27 
  14220     4.62      0.29 
  14280     4.10      0.27 
  14340     4.12      0.27 
  14400     3.79      0.29 
  14460     3.92      0.27 
  14520     4.81      0.29 
  14580     4.56      0.28 
  14640     4.55      0.28 
  14700     4.25      0.28 
  14760     4.29      0.30 
  14820     4.28      0.29 
  14880     4.37      0.30 
  14940     4.12      0.28 
  15000     4.41      0.28 
  15060     4.44      0.28 
  15120     4.61      0.28 
  15180     4.22      0.27 
  15240     4.70      0.29 
  15300     3.76      0.28 
  15360     4.02      0.27 
  15420     4.07      0.28 
  15480     4.23      0.28 
  15540     4.47      0.28 
  15600     4.43      0.28 
  15660     4.27      0.33 
  15720     3.94      0.27 
  15780     4.50      0.28 
  15840     4.09      0.29 
  15900     3.81      0.26 
  15960     4.13      0.27 
  16020     4.65      0.31 
  16080     3.93      0.29 
  16140     4.05      0.27 
  16200     4.23      0.28 
  16260     3.94      0.29 
  16320     3.86      0.27 
  16380     3.98      0.29 
  16440     3.99      0.29 
  16500     4.01      0.29 
  16560     3.62      0.26 
  16620     4.07      0.31 
  16680     4.42      0.28 
  16740     4.06      0.27 
  16800     4.25      0.28 
  16860     3.97      0.27 
  16920     3.91      0.26 
  16980     3.98      0.27 
  17040     4.34      0.27 
  17100     4.57      0.32 
  17160     3.98      0.27 
  17220     4.23      0.31 
  17280     3.83      0.26 
  17340     4.13      0.27 
  17400     4.15      0.27 
  17460     4.44      0.28 
  17520     4.41      0.32 
  17580     4.60      0.29 
  17640     4.13      0.27 
  17700     4.31      0.28 
  17760     3.86      0.26 
  17820     4.07      0.31 
  17880     4.07      0.27 
  17940     3.97      0.27 
  18000     3.85      0.29 
  18060     4.13      0.31 
  18120     4.00      0.31 
  18180     4.27      0.27 
  18240     4.03      0.27 
  18300     3.70      0.26 
  18360     3.93      0.27 
  18420     3.74      0.26 
  18480     3.92      0.27 
  18540     4.12      0.27 
  18600     4.19      0.30 
  18660     3.62      0.25 
  18720     4.05      0.28 
  18780     4.30      0.28 
  18840     3.95      0.26 
  18900     3.70      0.27 
  18960     3.61      0.28 
  19020     4.41      0.28 
  19080     3.74      0.28 
  19140     3.61      0.25 
  19200     3.62      0.25 
  19260     3.51      0.25 
  19320     3.91      0.28 
  19380     3.96      0.28 
  19440     3.54      0.26 
  19500     3.84      0.26 
  19560     3.57      0.28 
  19620     4.06      0.27 
  19680     3.18      0.26 
  19740     3.75      0.26 
  19800     3.53      0.25 
  19860     3.79      0.26 
  19920     3.68      0.28 
  19980     3.55      0.25 
  20040     3.83      0.26 
  20100     4.10      0.29 
  20160     3.59      0.26 
  20220     3.73      0.26 
  20280     3.46      0.27 
  20340     3.38      0.25 
  20400     3.74      0.26 
  20460     3.75      0.28 
  20520     3.33      0.28 
  20580     3.50      0.25 
  20640     3.89      0.26 
  20700     3.82      0.26 
  20760     3.86      0.26 
  20820     3.44      0.25 
  20880     3.55      0.27 
  20940     3.64      0.28 
  21000     3.12      0.24 
  21060     3.68      0.25 
  21120     3.71      0.27 
  21180     3.54      0.28 
  21240     3.14      0.26 
  21300     3.30      0.25 
  21360     3.80      0.26 
  21420     3.84      0.27 
  21480     3.70      0.26 
  21540     3.89      0.26 
  21600     3.40      0.25 
  21660     3.73      0.26 
  21720     3.62      0.28 
  21780     3.48      0.25 
  21840     3.89      0.26 
  21900     4.08      0.27 
  21960     3.75      0.26 
  22020     4.30      0.27 
  22080     4.11      0.29 
  22140     3.66      0.28 
  22200     3.98      0.27 
  22260     4.11      0.27 
  22320     4.23      0.29 
  22380     3.82      0.27 
  22440     4.41      0.27 
  22500     4.03      0.26 
  22560     3.79      0.26 
  22620     4.06      0.29 
  22680     3.68      0.29 
  22740     3.87      0.27 
  22800     3.75      0.26 
  22860     4.15      0.30 
  22920     3.84      0.28 
  22980     3.48      0.27 
  23040     3.95      0.26 
  23100     3.46      0.25 
  23160     3.65      0.29 
  23220     3.79      0.26 
  23280     3.60      0.29 
  23340     3.80      0.29 
  23400     3.73      0.26 
  23460     3.99      0.27 
  23520     3.33      0.24 
  23580     3.96      0.28 
  23640     3.43      0.25 
  23700     3.88      0.26 
  23760     3.44      0.25 
  23820     4.02      0.27 
  23880     4.13      0.27 
  23940     2.94      0.24 
  24000     3.74      0.26 
  24060     4.01      0.26 
  24120     3.57      0.26 
  24180     3.83      0.26 
  24240     3.56      0.25 
  24300     4.03      0.27 
  24360     3.62      0.25 
  24420     3.67      0.26 
  24480     3.84      0.26 
  24540     3.67      0.25 
  24600     3.48      0.28 
  24660     3.80      0.26 
  24720     3.56      0.26 
  24780     3.16      0.26 
  24840     3.75      0.26 
  24900     4.23      0.27 
  24960     3.71      0.29 
  25020     3.43      0.25 
  25080     3.78      0.26 
  25140     3.68      0.28 
  25200     4.25      0.33 
  25260     3.21      0.24 
  25320     3.95      0.29 
  25380     3.74      0.26 
  25440     3.15      0.25 
  25500     3.68      0.26 
  25560     3.55      0.26 
  25620     3.87      0.26 
  25680     3.67      0.26 
  25740     3.48      0.30 
  25800     3.51      0.25 
  25860     3.60      0.26 
  25920     3.63      0.25 
  25980     3.51      0.29 
  26040     3.81      0.28 
  26100     3.83      0.26 
  26160     3.48      0.25 
  26220     3.43      0.25 
  26280     4.29      0.30 
  26340     3.42      0.29 
  26400     3.36      0.25 
  26460     3.83      0.26 
  26520     3.58      0.26 
  26580     3.76      0.26 
  26640     3.57      0.26 
  26700     4.02      0.29 
  26760     4.09      0.31 
  26820     3.35      0.24 
  26880     3.78      0.28 
  26940     3.50      0.25 
  27000     3.24      0.26 
  27060     3.70      0.26 
  27120     3.72      0.26 
  27180     3.94      0.27 
  27240     3.26      0.27 
  27300     3.55      0.26 
  27360     3.34      0.24 
  27420     3.69      0.26 
  27480     3.88      0.27 
  27540     3.89      0.28 
  27600     3.49      0.25 
  27660     3.69      0.26 
  27720     3.38      0.26 
  27780     3.55      0.27 
  27840     3.90      0.30 
  27900     3.63      0.26 
  27960     3.70      0.29 
  28020     3.46      0.25 
  28080     3.49      0.25 
  28140     3.31      0.25 
  28200     3.58      0.27 
  28260     3.69      0.26 
  28320     3.75      0.28 
  28380     3.79      0.28 
  28440     3.51      0.25 
  28500     3.90      0.26 
  28560     3.49      0.28 
  28620     3.52      0.26 
  28680     3.55      0.25 
  28740     3.29      0.24 
  28800     3.55      0.28 
  28860     3.45      0.27 
  28920     3.41      0.25 
  28980     3.55      0.28 
  29040     3.71      0.26 
  29100     3.33      0.26 
  29160     3.80      0.26 
  29220     3.56      0.25 
  29280     3.89      0.26 
  29340     3.11      0.25 
  29400     3.85      0.29 
  29460     3.70      0.30 
  29520     3.52      0.25 
  29580     3.63      0.25 
  29639     3.43      0.26 
  29700     3.03      0.25 
  29760     3.47      0.25 
  29820     3.64      0.27 
  29880     3.52      0.25 
  29940     3.42      0.25 
  30000     3.23      0.26 
  30060     4.46      0.28 
  30120     3.55      0.28 
  30180     3.24      0.24 
  30240     3.56      0.27 
  30300     3.59      0.26 
  30360     3.38      0.28 
  30420     3.35      0.28 
  30480     3.33      0.24 
  30540     3.65      0.27 
  30600     3.44      0.25 
  30660     3.23      0.24 
  30720     3.83      0.26 
  30780     3.64      0.25 
  30840     3.03      0.25 
  30900     3.53      0.25 
  30960     3.22      0.24 
  31020     3.39      0.25 
  31080     3.84      0.26 
  31140     3.65      0.26 
  31200     3.97      0.29 
  31260     3.86      0.26 
  31320     3.58      0.25 
  31380     3.90      0.30 
  31440     3.43      0.26 
  31500     3.39      0.24 
  31560     3.48      0.25 
  31620     3.27      0.25 
  31680     3.02      0.25 
  31740     3.30      0.25 
  31800     3.55      0.29 
  31860     3.56      0.27 
  31920     3.69      0.28 
  31980     3.21      0.24 
  32040     3.85      0.26 
  32100     3.61      0.25 
  32160     3.51      0.25 
  32220     3.75      0.26 
  32280     3.58      0.25 
  32340     3.42      0.25 
  32400     3.14      0.24 
  32460     3.46      0.25 
  32520     3.58      0.28 
  32580     3.13      0.24 
  32640     3.52      0.25 
  32700     3.89      0.26 
  32760     3.13      0.24 
  32820     3.68      0.26 
  32880     3.53      0.28 
  32940     3.49      0.25 
  33000     3.83      0.26 
  33060     3.57      0.26 
  33120     3.37      0.25 
  33180     3.15      0.24 
  33239     4.00      0.27 
  33300     3.64      0.26 
  33360     3.51      0.27 
  33420     3.24      0.24 
  33480     3.05      0.25 
  33540     3.43      0.25 
  33600     3.69      0.26 
  33660     3.71      0.25 
  33720     3.25      0.24 
  33780     3.43      0.29 
  33839     3.44      0.29 
  33900     3.84      0.27 
  33960     3.69      0.28 
  34020     3.34      0.24 
  34080     3.21      0.25 
  34140     2.96      0.24 
  34200     3.05      0.25 
  34260     3.02      0.25 
  34320     3.48      0.25 
  34380     4.04      0.27 
  34440     3.55      0.27 
  34500     3.38      0.25 
  34560     3.94      0.26 
  34620     3.80      0.26 
  34680     3.57      0.26 
  34739     3.74      0.26 
  34800     4.25      0.28 
  34860     4.16      0.27 
  34920     4.69      0.31 
  34980     4.62      0.29 
  35040     4.20      0.30 
  35100     3.93      0.29 
  35160     4.23      0.27 
  35220     4.72      0.29 
  35280     4.28      0.29 
  35340     4.47      0.29 
  35400     4.14      0.27 
  35460     4.42      0.28 
  35520     4.18      0.28 
  35580     4.61      0.28 
  35640     4.79      0.29 
  35700     4.52      0.29 
  35760     4.79      0.29 
  35820     4.00      0.28 
  35880     4.61      0.29 
  35940     4.27      0.29 
  36000     4.44      0.30 
  36060     4.65      0.29 
  36120     4.41      0.28 
  36180     4.45      0.28 
  36239     4.01      0.29 
  36300     4.31      0.28 
  36360     4.47      0.28 
  36420     4.30      0.27 
  36480     4.00      0.31 
  36540     4.94      0.30 
  36600     4.35      0.28 
  36660     4.06      0.27 
  36720     4.30      0.27 
  36780     4.73      0.32 
  36840     4.37      0.35 
  36900     4.07      0.28 
  36960     3.90      0.27 
  37020     4.40      0.29 
  37080     4.14      0.30 
  37140     4.56      0.37 
  37200     4.23      0.35 
  37260     4.42      0.35 
  37320     4.01      0.33 
  37380     4.23      0.35 
  37440     4.84      0.38 
  37500     4.87      0.37 
  37560     4.52      0.31 
  37620     4.57      0.32 
  37680     4.63      0.32 
  37740     4.36      0.39 
  37800     4.44      0.36 
  37860     4.13      0.30 
  37920     4.24      0.34 
  37980     4.78      0.31 
  38040     4.76      0.32 
  38100     4.40      0.33 
  38160     4.27      0.34 
  38220     4.17      0.33 
  38280     4.67      0.38 
  38340     4.45      0.33 
  38400     4.56      0.35 
  38460     4.51      0.39 
  38519     4.26      0.39 
  38580     4.43      0.38 
  38640     4.56      0.36 
  38700     4.28      0.34 
  38760     4.85      0.35 
  38820     4.58      0.33 
  38880     4.84      0.36 
  38940     4.68      0.33 
  39000     4.43      0.34 
  39060     4.24      0.30 
  39120     4.70      0.35 
  39180     4.15      0.35 
  39240     4.24      0.35 
  39300     3.96      0.38 
  39360     4.30      0.43 
  39420     4.47      0.34 
  39480     4.33      0.30 
  39540     4.19      0.36 
  39600     4.30      0.39 
  39660     4.10      0.39 
  39720     4.35      0.42 
  39780     3.99      0.38 
  39840     3.97      0.41 
  39900     4.15      0.32 
  39960     4.22      0.35 
  40020     4.67      0.44 
  40080     4.39      0.37 
  40140     4.64      0.41 
  40200     4.14      0.40 
  40260     4.37      0.37 
  40320     3.84      0.44 
  40380     3.84      0.46 
  40440     4.75      0.46 
  40500     4.55      0.40 
  40560     3.48      0.40 
  40620     3.63      0.39 
  40679     4.33      0.38 
  40740     3.94      0.38 
  40800     4.01      0.40 
  40860     4.26      0.41 
  40920     4.82      0.42 
  40980     4.48      0.43 
  41040     4.14      0.38 
  41100     5.04      0.41 
  41160     4.65      0.43 
  41220     5.22      0.42 
  41280     4.53      0.40 
  41339     4.49      0.40 
  41400     4.72      0.40 
  41460     4.49      0.39 
  41519     4.49      0.50 
  41580     4.36      0.50 
  41640     5.18      0.43 
  41700     5.08      0.42 
  41760     4.96      0.39 
  41820     4.66      0.40 
  41880     4.74      0.43 
  41940     5.02      0.50 
  42000     4.76      0.45 
  42060     4.65      0.43 
  42120     5.68      0.48 
  42180     4.93      0.43 
  42239     5.00      0.44 
  42299     4.20      0.42 
  42360     4.16      0.44 
  42420     3.99      0.44 
  42480     4.81      0.45 
  42540     4.92      0.45 
  42600     5.42      0.43 
  42660     4.44      0.42 
  42720     4.40      0.50 
  42780     4.25      0.44 
  42840     4.02      0.47 
  42900     4.72      0.48 
  42960     4.55      0.47 
  43020     5.06      0.48 
  43080     4.68      0.57 
  43140     4.75      0.46 
  43200     4.04      0.49 
  43260     4.64      0.47 
  43320     4.91      0.53 
  43380     4.67      0.51 
  43440     4.56      0.46 
  43499     4.19      0.47 
  43560     4.18      0.46 
  43620     4.73      0.49 
  43680     4.45      0.48 
  43740     3.14      0.45 
  43800     3.70      0.43 
  43860     5.23      0.51 
  43920     4.68      0.52 
  43980     4.32      0.52 
  44040     4.18      0.44 
  44100     4.03      0.46 
  44160     4.80      0.48 
  44220     3.60      0.56 
  44280     3.55      0.58 
