#  Table pn_b50_01_0123720201.lc[1]  Wed 10:13:25 27-Nov-2013

#   TIME     RATE1    ERROR1 
#    s      count/s   count/s 
              
      0     23.46      0.87 
     50     20.33      0.81 
    100     22.99      0.86 
    150     23.45      0.87 
    200     22.93      0.86 
    250     24.56      0.89 
    300     24.31      0.89 
    350     23.65      0.88 
    400     24.49      0.89 
    450     25.01      0.90 
    500     24.26      0.89 
    550     24.22      0.89 
    600     23.55      0.88 
    650     23.36      0.87 
    699     24.62      0.89 
    750     23.51      0.87 
    800     24.89      0.90 
    849     24.92      0.90 
    900     23.46      0.88 
    949     25.07      0.90 
   1000     24.46      0.89 
   1050     24.94      0.90 
   1100     22.61      0.86 
   1150     24.93      0.90 
   1200     24.54      0.89 
   1250     22.16      0.85 
   1300     24.95      0.90 
   1350     23.89      0.88 
   1400     22.84      0.86 
   1450     21.48      0.84 
   1500     24.53      0.89 
   1550     22.58      0.86 
   1600     22.29      0.86 
   1650     23.11      0.87 
   1700     24.45      0.89 
   1750     28.00      0.95 
   1800     26.01      0.92 
   1850     25.89      0.92 
   1900     24.30      0.89 
   1950     24.38      0.89 
   2000     22.91      0.87 
   2050     22.99      0.87 
   2100     23.22      0.87 
   2150     22.19      0.85 
   2200     22.38      0.85 
   2250     23.21      0.88 
   2300     22.01      0.85 
   2350     21.83      0.85 
   2400     22.12      0.85 
   2450     21.74      0.84 
   2500     21.69      0.85 
   2550     22.29      0.86 
   2600     21.62      0.84 
   2650     22.94      0.86 
   2700     23.27      0.88 
   2750     23.79      0.89 
   2800     23.41      0.87 
   2850     20.92      0.82 
   2900     21.83      0.84 
   2950     21.93      0.84 
   3000     21.84      0.84 
   3050     21.88      0.85 
   3100     23.34      0.88 
   3150     23.68      0.88 
   3200     22.50      0.86 
   3250     23.91      0.88 
   3300     22.88      0.86 
   3350     22.65      0.86 
   3400     23.03      0.86 
   3450     23.98      0.88 
   3500     23.45      0.87 
   3550     22.36      0.85 
   3600     23.74      0.88 
   3650     23.93      0.88 
   3700     21.63      0.84 
   3750     21.77      0.84 
   3800     24.05      0.89 
   3850     23.79      0.88 
   3900     23.33      0.87 
   3950     22.29      0.86 
   4000     22.92      0.87 
   4050     22.84      0.87 
   4100     22.49      0.86 
   4150     22.70      0.87 
   4200     24.05      0.89 
   4250     23.63      0.88 
   4300     22.39      0.86 
   4349     22.13      0.85 
   4400     23.89      0.89 
   4450     24.04      0.89 
   4500     24.16      0.89 
   4550     23.20      0.87 
   4600     24.25      0.89 
   4650     22.55      0.86 
   4700     24.75      0.90 
   4750     24.49      0.89 
   4800     22.13      0.85 
   4850     23.43      0.88 
   4900     24.52      0.90 
   4950     24.16      0.89 
   5000     24.56      0.89 
   5050     23.33      0.87 
   5100     24.31      0.89 
   5150     24.53      0.90 
   5200     22.81      0.86 
   5250     22.54      0.86 
   5300     24.43      0.89 
   5349     22.90      0.87 
   5400     23.85      0.88 
   5450     23.65      0.88 
   5500     24.61      0.90 
   5549     23.19      0.87 
   5599     22.29      0.85 
   5650     22.64      0.86 
   5700     24.50      0.89 
   5749     23.68      0.88 
   5799     24.51      0.90 
   5849     23.54      0.87 
   5900     22.55      0.86 
   5949     22.40      0.86 
   6000     22.45      0.86 
   6049     22.45      0.85 
   6099     24.10      0.89 
   6149     21.80      0.84 
   6199     21.54      0.84 
   6250     22.72      0.86 
   6300     22.89      0.86 
   6350     22.78      0.86 
   6400     21.64      0.84 
   6450     22.45      0.85 
   6500     22.81      0.86 
   6550     20.59      0.82 
   6599     21.54      0.84 
   6650     22.80      0.86 
   6700     21.69      0.84 
   6750     21.82      0.84 
   6799     20.95      0.83 
   6849     21.60      0.84 
   6900     21.76      0.84 
   6950     21.73      0.84 
   6999     21.35      0.83 
   7049     22.57      0.86 
   7099     22.86      0.86 
   7150     21.87      0.84 
   7199     21.52      0.84 
   7249     22.22      0.85 
   7299     21.19      0.83 
   7349     20.64      0.82 
   7399     20.38      0.81 
   7449     20.76      0.82 
   7500     20.73      0.82 
   7550     21.46      0.83 
   7600     20.24      0.81 
   7650     21.37      0.83 
   7700     20.90      0.82 
   7750     20.65      0.82 
   7800     22.41      0.85 
   7849     21.94      0.85 
   7900     20.05      0.81 
   7950     20.02      0.81 
   8000     21.80      0.84 
   8050     20.83      0.82 
   8099     20.08      0.81 
   8150     20.63      0.82 
   8199     20.22      0.81 
   8249     20.68      0.82 
   8300     21.48      0.83 
   8349     21.34      0.83 
   8400     21.96      0.84 
   8449     20.51      0.82 
   8499     20.79      0.82 
   8550     20.96      0.82 
   8599     21.01      0.83 
   8649     21.51      0.84 
   8699     20.11      0.81 
   8750     19.83      0.80 
   8800     22.06      0.85 
   8850     20.82      0.82 
   8900     20.40      0.81 
   8949     21.17      0.83 
   9000     19.47      0.80 
   9050     21.31      0.83 
   9099     20.34      0.81 
   9150     20.72      0.82 
   9199     20.48      0.82 
   9250     20.90      0.82 
   9300     19.57      0.80 
   9349     20.12      0.81 
   9400     22.02      0.85 
   9449     21.73      0.84 
   9499     20.99      0.83 
   9550     21.97      0.84 
   9599     21.34      0.83 
   9650     24.16      0.89 
   9699     22.49      0.85 
   9749     21.54      0.84 
   9800     22.87      0.86 
   9849     22.64      0.86 
   9899     22.93      0.86 
   9949     24.94      0.90 
  10000     22.30      0.85 
  10050     24.56      0.89 
  10100     24.83      0.90 
  10150     24.43      0.89 
  10200     24.21      0.89 
  10250     24.53      0.89 
  10300     26.18      0.92 
  10350     25.59      0.91 
  10400     25.97      0.92 
  10450     25.24      0.91 
  10500     23.93      0.88 
  10550     22.84      0.86 
  10600     24.43      0.89 
  10650     24.81      0.90 
  10700     25.77      0.92 
  10750     24.46      0.89 
  10800     24.17      0.89 
  10850     24.36      0.89 
  10900     24.94      0.90 
  10950     23.91      0.88 
  11000     24.09      0.89 
  11050     23.07      0.87 
  11100     25.33      0.91 
  11150     24.84      0.90 
  11200     24.20      0.89 
  11250     23.97      0.88 
  11300     24.78      0.90 
  11350     23.42      0.87 
  11400     23.29      0.87 
  11450     24.58      0.90 
  11500     22.26      0.85 
  11550     22.55      0.86 
  11600     24.74      0.90 
  11650     23.23      0.87 
  11700     25.41      0.91 
  11750     24.51      0.89 
  11800     24.72      0.90 
  11850     24.53      0.89 
  11900     24.85      0.90 
  11950     24.92      0.90 
  12000     25.02      0.90 
  12050     24.13      0.88 
  12100     23.68      0.88 
  12150     23.76      0.88 
  12200     24.59      0.89 
  12250     23.52      0.88 
  12300     24.01      0.88 
  12350     25.09      0.90 
  12400     23.14      0.87 
  12450     24.46      0.89 
  12500     23.50      0.88 
  12550     24.42      0.89 
  12600     23.64      0.88 
  12650     23.86      0.88 
  12700     25.49      0.91 
  12750     23.55      0.88 
  12800     23.25      0.87 
  12850     24.61      0.89 
  12900     24.72      0.90 
  12950     25.72      0.91 
  13000     23.41      0.87 
  13050     25.47      0.91 
  13100     23.65      0.88 
  13150     22.45      0.86 
  13200     23.79      0.89 
  13250     24.95      0.90 
  13300     24.75      0.90 
  13350     24.10      0.89 
  13400     23.74      0.88 
  13450     24.77      0.90 
  13500     24.53      0.89 
  13550     22.93      0.87 
  13600     23.52      0.87 
  13650     24.25      0.89 
  13700     25.30      0.91 
  13750     23.43      0.88 
  13800     22.84      0.86 
  13850     24.17      0.89 
  13900     23.22      0.87 
  13950     23.59      0.88 
  14000     20.82      0.82 
  14050     22.54      0.86 
  14100     23.90      0.88 
  14150     22.66      0.86 
  14200     24.21      0.89 
  14250     23.17      0.87 
  14300     22.93      0.86 
  14350     20.96      0.83 
  14400     22.61      0.86 
  14450     22.32      0.85 
  14500     23.16      0.87 
  14550     22.99      0.86 
  14600     23.81      0.88 
  14650     22.42      0.86 
  14700     23.62      0.88 
  14750     23.50      0.88 
  14800     22.71      0.86 
  14850     22.35      0.85 
  14900     22.42      0.85 
  14950     22.03      0.85 
  15000     21.96      0.84 
  15050     23.98      0.88 
  15100     22.67      0.86 
  15150     23.03      0.87 
  15200     22.45      0.85 
  15250     23.41      0.87 
  15300     22.28      0.85 
  15350     23.37      0.87 
  15400     23.28      0.87 
  15450     23.71      0.88 
  15500     23.20      0.87 
  15550     24.64      0.90 
  15600     22.85      0.86 
  15650     23.33      0.87 
  15700     24.02      0.89 
  15750     22.39      0.85 
  15800     22.16      0.85 
  15850     23.42      0.87 
  15900     23.13      0.87 
  15950     23.09      0.87 
  16000     23.51      0.87 
  16050     21.51      0.84 
  16100     23.76      0.88 
  16150     22.16      0.85 
  16200     22.42      0.86 
  16250     22.02      0.85 
  16300     22.93      0.86 
  16350     22.78      0.86 
  16400     22.93      0.86 
  16450     22.45      0.85 
  16500     23.45      0.87 
  16550     23.27      0.87 
  16600     22.91      0.86 
  16650     23.08      0.87 
  16700     23.77      0.88 
  16750     22.77      0.86 
  16800     22.91      0.86 
  16850     23.01      0.86 
  16900     24.20      0.89 
  16950     22.19      0.85 
  17000     22.84      0.86 
  17050     22.49      0.86 
  17100     22.58      0.86 
  17150     23.37      0.87 
  17200     23.74      0.88 
  17250     22.00      0.84 
  17300     22.09      0.85 
  17350     22.39      0.85 
  17400     23.00      0.87 
  17450     22.25      0.85 
  17500     23.65      0.88 
  17550     22.97      0.86 
  17600     21.09      0.83 
  17650     21.75      0.84 
  17700     22.48      0.86 
  17750     21.45      0.83 
  17800     23.04      0.86 
  17850     22.84      0.86 
  17900     22.54      0.86 
  17950     20.52      0.82 
  18000     21.68      0.84 
  18050     22.06      0.85 
  18100     21.64      0.84 
  18150     21.86      0.84 
  18200     22.39      0.85 
  18250     21.28      0.83 
  18300     20.93      0.82 
  18350     22.41      0.85 
  18400     21.64      0.84 
  18450     23.09      0.87 
  18500     22.28      0.85 
  18550     21.07      0.83 
  18600     22.42      0.85 
  18650     23.10      0.87 
  18700     23.91      0.88 
  18750     23.27      0.87 
  18800     23.38      0.87 
  18850     22.78      0.86 
  18900     24.65      0.90 
  18950     24.07      0.89 
  19000     25.64      0.91 
  19050     25.02      0.90 
  19100     24.44      0.89 
  19150     26.41      0.93 
  19200     25.14      0.90 
  19250     26.84      0.93 
  19300     25.63      0.91 
  19350     25.95      0.92 
  19400     25.21      0.90 
  19450     25.12      0.90 
  19500     26.92      0.93 
  19550     26.03      0.92 
  19600     28.25      0.96 
  19650     27.09      0.94 
  19700     25.31      0.91 
  19750     26.60      0.93 
  19800     27.64      0.95 
  19850     28.47      0.96 
  19900     28.75      0.97 
  19950     27.93      0.95 
  20000     28.13      0.96 
  20050     27.74      0.95 
  20100     29.31      0.98 
  20150     29.65      0.98 
  20200     28.32      0.96 
  20250     28.57      0.96 
  20300     30.44      0.99 
  20350     28.75      0.97 
  20400     29.87      0.99 
  20450     29.28      0.98 
  20500     29.25      0.97 
  20550     27.92      0.95 
  20600     29.85      0.99 
  20650     29.22      0.98 
  20700     31.34      1.01 
  20750     29.00      0.97 
  20800     29.74      0.98 
  20850     30.97      1.00 
  20900     31.02      1.01 
  20950     31.86      1.02 
  21000     31.13      1.00 
  21050     32.14      1.02 
  21100     31.66      1.01 
  21150     33.69      1.05 
  21200     32.26      1.02 
  21250     32.47      1.03 
  21300     31.94      1.02 
  21350     33.25      1.04 
  21400     30.72      1.00 
  21450     31.88      1.02 
  21500     31.32      1.01 
  21550     32.31      1.03 
  21600     32.46      1.03 
  21650     31.07      1.00 
  21700     31.24      1.01 
  21750     32.96      1.03 
  21800     31.81      1.02 
  21850     32.56      1.03 
  21900     33.29      1.04 
  21950     31.10      1.00 
  22000     32.54      1.03 
  22050     31.78      1.02 
  22100     32.70      1.03 
  22150     33.15      1.04 
  22200     32.43      1.03 
  22250     33.33      1.04 
  22300     33.15      1.04 
  22350     32.34      1.03 
  22400     32.87      1.03 
  22450     34.09      1.05 
  22500     31.42      1.01 
  22550     32.54      1.03 
  22600     33.31      1.04 
  22650     34.63      1.06 
  22700     36.02      1.09 
  22750     38.23      1.12 
  22800     37.95      1.11 
  22850     39.15      1.13 
  22900     44.60      1.21 
  22950     48.52      1.27 
  23000     51.08      1.30 
  23050     52.96      1.32 
  23100     60.20      1.40 
  23150     60.42      1.40 
  23200     64.49      1.45 
  23250     62.29      1.42 
  23300     60.65      1.40 
  23350     62.14      1.42 
  23400     61.59      1.42 
  23450     60.19      1.40 
  23500     60.75      1.41 
  23550     60.28      1.40 
  23600     58.55      1.38 
  23650     60.02      1.40 
  23700     57.27      1.37 
  23750     54.87      1.33 
  23800     55.67      1.35 
  23850     55.19      1.34 
  23900     54.95      1.34 
  23950     54.01      1.33 
  24000     54.59      1.33 
  24050     52.73      1.31 
  24100     53.04      1.31 
  24150     51.88      1.30 
  24200     48.62      1.26 
  24250     49.40      1.27 
  24300     49.76      1.27 
  24350     47.23      1.24 
  24400     49.83      1.28 
  24450     44.68      1.20 
  24500     46.63      1.23 
  24550     47.61      1.25 
  24600     44.59      1.21 
  24650     45.15      1.22 
  24700     44.15      1.20 
  24750     42.73      1.18 
  24800     43.80      1.20 
  24850     42.72      1.18 
  24900     43.13      1.19 
  24950     40.33      1.15 
  25000     37.70      1.11 
  25050     40.22      1.15 
  25100     39.16      1.13 
  25150     39.34      1.14 
  25200     37.32      1.10 
  25250     38.31      1.12 
  25300     37.63      1.11 
  25350     37.79      1.11 
  25400     36.83      1.10 
  25450     36.27      1.09 
  25500     37.48      1.11 
  25550     37.50      1.10 
  25600     36.95      1.10 
  25650     38.41      1.12 
  25700     36.47      1.09 
  25750     37.52      1.11 
  25800     35.02      1.07 
  25850     35.45      1.08 
  25900     36.51      1.09 
  25950     34.89      1.07 
  26000     34.16      1.06 
  26050     33.87      1.06 
  26100     37.46      1.11 
  26150     35.76      1.08 
  26200     36.95      1.10 
  26250     36.23      1.09 
  26300     35.64      1.08 
  26350     34.28      1.06 
  26400     34.78      1.08 
  26450     33.18      1.07 
  26500     34.51      1.09 
  26550     32.99      1.05 
  26600     32.12      1.02 
  26650     34.26      1.06 
  26700     33.72      1.05 
  26750     31.73      1.02 
  26800     31.73      1.02 
  26850     31.89      1.02 
  26900     31.10      1.01 
  26950     30.56      1.00 
  27000     31.17      1.01 
  27050     30.02      0.99 
  27100     31.02      1.01 
  27150     29.85      0.99 
  27200     29.32      0.98 
  27250     30.60      1.00 
  27300     27.83      0.95 
  27350     30.34      0.99 
  27400     27.79      0.95 
  27450     30.52      1.00 
  27500     27.76      0.95 
  27550     31.08      1.00 
  27600     27.23      0.94 
  27650     29.55      0.98 
  27700     28.03      0.96 
  27750     27.49      0.95 
  27800     28.13      0.96 
  27850     29.03      0.97 
  27900     28.07      0.96 
  27950     26.53      0.93 
  28000     27.96      0.96 
  28050     26.80      0.93 
  28100     27.83      0.95 
  28150     27.56      0.95 
  28200     28.81      0.97 
  28250     28.49      0.96 
  28300     27.16      0.95 
  28350     28.71      0.97 
  28400     27.77      0.95 
  28450     28.64      0.96 
  28500     28.75      0.97 
  28550     27.45      0.95 
  28600     25.79      0.92 
  28650     26.31      0.93 
  28700     27.80      0.96 
  28750     28.81      0.97 
  28800     27.40      0.95 
  28850     26.64      0.93 
  28900     27.23      0.95 
  28950     27.19      0.94 
  29000     26.63      0.93 
  29050     25.15      0.91 
  29100     25.97      0.92 
  29150     24.82      0.90 
  29200     24.10      0.89 
  29250     26.73      0.93 
  29300     26.91      0.94 
  29350     25.54      0.91 
  29400     26.05      0.92 
  29450     26.10      0.93 
  29500     26.12      0.92 
  29550     25.77      0.93 
  29600     27.07      0.94 
  29650     27.39      0.95 
  29700     26.67      0.94 
  29750     28.63      0.97 
  29800     28.80      0.97 
  29850     27.38      0.94 
  29900     28.24      0.96 
  29950     27.01      0.94 
  30000     27.00      0.94 
  30050     27.96      0.96 
  30100     29.10      0.97 
  30150     27.83      0.95 
  30200     26.98      0.94 
  30250     27.01      0.94 
  30300     26.99      0.94 
  30350     26.37      0.93 
  30400     27.15      0.94 
  30450     25.86      0.92 
  30500     26.14      0.92 
  30550     26.63      0.93 
  30600     28.11      0.96 
  30650     26.30      0.92 
  30700     26.41      0.93 
  30750     25.08      0.90 
  30800     25.64      0.91 
  30850     25.69      0.92 
  30900     25.22      0.91 
  30950     25.46      0.91 
  31000     25.07      0.90 
  31050     26.77      0.93 
  31100     24.20      0.89 
  31150     25.88      0.92 
  31200     24.74      0.90 
  31250     26.43      0.93 
  31300     24.98      0.90 
  31350     23.99      0.88 
  31400     24.89      0.90 
  31450     22.58      0.86 
  31500     24.75      0.90 
  31550     24.34      0.89 
  31600     24.23      0.89 
  31650     23.80      0.88 
  31700     24.14      0.88 
  31750     25.04      0.90 
  31800     23.17      0.87 
  31850     24.71      0.90 
  31900     23.68      0.88 
  31950     25.07      0.90 
  32000     24.32      0.89 
  32050     25.55      0.91 
  32100     25.37      0.91 
  32150     25.19      0.91 
  32200     25.20      0.91 
  32250     24.20      0.89 
  32300     23.36      0.87 
  32350     24.89      0.90 
  32400     23.21      0.87 
  32450     24.17      0.89 
  32500     22.55      0.86 
  32550     25.13      0.91 
  32600     24.64      0.89 
  32650     23.56      0.87 
  32700     24.63      0.90 
  32750     24.28      0.89 
  32800     24.76      0.90 
  32850     24.73      0.90 
  32900     22.58      0.86 
  32950     25.22      0.91 
  33000     24.11      0.88 
  33050     24.79      0.90 
  33100     25.35      0.91 
  33150     25.57      0.92 
  33200     23.95      0.89 
  33250     24.22      0.89 
  33300     23.32      0.87 
  33350     24.23      0.89 
  33400     21.99      0.85 
  33450     21.86      0.84 
  33500     24.62      0.90 
  33550     21.34      0.83 
  33600     23.52      0.87 
  33650     22.65      0.86 
  33700     23.01      0.87 
  33750     22.66      0.86 
  33800     21.47      0.84 
  33850     24.14      0.89 
  33900     23.34      0.88 
  33950     22.64      0.86 
  34000     23.45      0.88 
  34050     22.69      0.86 
  34100     23.01      0.87 
  34150     22.72      0.86 
  34200     22.43      0.86 
  34250     23.31      0.88 
  34300     22.72      0.86 
  34350     22.28      0.86 
  34400     22.29      0.86 
  34450     22.56      0.86 
  34500     23.40      0.87 
  34550     21.56      0.84 
  34600     23.04      0.87 
  34650     22.08      0.85 
  34700     22.01      0.85 
  34750     22.11      0.86 
  34800     23.19      0.88 
  34850     22.91      0.87 
  34900     21.66      0.85 
  34950     22.21      0.86 
  35000     23.98      0.89 
  35050     22.27      0.86 
  35100     22.02      0.85 
  35150     22.85      0.87 
  35200     23.29      0.87 
  35250     22.20      0.85 
  35300     22.22      0.85 
  35350     22.17      0.85 
  35400     22.45      0.85 
  35450     21.90      0.84 
  35500     22.10      0.85 
  35550     21.93      0.85 
  35600     20.58      0.83 
  35650     21.78      0.84 
  35700     22.35      0.86 
  35750     22.09      0.85 
  35800     20.74      0.83 
  35850     22.02      0.85 
  35900     22.20      0.85 
  35950     21.84      0.85 
  36000     22.04      0.85 
  36049     23.95      0.88 
  36100     22.15      0.86 
  36150     20.50      0.82 
  36200     21.90      0.85 
  36250     21.93      0.85 
  36300     21.09      0.83 
  36350     21.20      0.85 
  36400     21.14      0.85 
  36450     21.37      0.84 
  36500     20.36      0.82 
  36550     21.76      0.85 
  36600     20.80      0.84 
  36650     21.08      0.84 
  36700     21.53      0.85 
  36750     20.41      0.83 
  36800     22.00      0.86 
  36850     21.71      0.85 
  36900     22.67      0.87 
  36950     20.10      0.82 
  37000     22.19      0.86 
  37049     21.89      0.86 
  37100     21.01      0.85 
  37150     22.50      0.87 
  37200     21.57      0.85 
  37250     22.79      0.89 
  37299     22.14      0.87 
  37350     21.86      0.86 
  37400     22.34      0.87 
  37450     21.32      0.85 
  37500     21.43      0.85 
  37550     22.31      0.86 
  37600     21.55      0.86 
  37650     21.93      0.86 
  37700     20.56      0.85 
  37750     21.88      0.87 
  37800     20.43      0.85 
  37850     22.09      0.88 
  37900     22.74      0.89 
  37950     22.71      0.90 
  38000     21.55      0.88 
  38050     22.63      0.90 
  38100     21.97      0.88 
  38150     22.99      0.90 
  38200     23.06      0.90 
  38250     21.79      0.88 
  38300     22.20      0.87 
  38350     21.55      0.86 
  38400     23.05      0.88 
  38450     23.59      0.90 
  38500     23.32      0.90 
  38550     22.37      0.88 
  38600     22.13      0.87 
  38650     19.80      0.82 
  38700     22.26      0.87 
  38750     21.13      0.86 
  38800     21.87      0.87 
  38850     21.92      0.88 
  38900     22.69      0.90 
  38950     21.10      0.88 
  39000     23.54      0.90 
  39050     21.38      0.87 
  39100     22.07      0.87 
  39150     21.77      0.87 
  39200     21.61      0.85 
  39250     21.51      0.86 
  39300     22.58      0.87 
  39350     23.31      0.89 
  39400     22.77      0.88 
  39450     21.66      0.87 
  39500     23.13      0.88 
  39550     21.71      0.86 
  39600     21.21      0.85 
  39650     22.18      0.87 
  39700     21.79      0.86 
  39750     22.34      0.87 
  39800     21.04      0.86 
  39850     22.49      0.88 
  39900     20.84      0.86 
  39950     23.39      0.89 
  40000     21.00      0.85 
  40050     20.18      0.83 
  40100     23.45      0.88 
  40150     21.85      0.86 
  40200     23.19      0.88 
  40250     21.78      0.86 
  40299     21.77      0.86 
  40350     21.48      0.85 
  40400     22.19      0.87 
  40450     21.63      0.87 
  40500     22.40      0.86 
  40550     22.43      0.88 
  40600     22.32      0.87 
  40650     23.20      0.89 
  40700     21.40      0.86 
  40750     23.56      0.89 
  40800     22.24      0.88 
  40850     22.72      0.88 
  40900     20.63      0.84 
  40950     23.91      0.90 
  41000     22.40      0.87 
  41050     20.28      0.83 
  41100     20.79      0.84 
  41150     21.48      0.85 
  41200     21.31      0.85 
  41250     21.81      0.87 
  41300     21.17      0.86 
  41350     21.87      0.87 
  41400     22.65      0.88 
  41450     20.91      0.86 
  41500     22.70      0.90 
  41549     22.62      0.91 
  41600     22.41      0.90 
  41650     23.45      0.94 
  41700     25.31      0.95 
  41750     25.22      0.96 
  41800     25.41      0.97 
  41850     24.08      0.95 
  41899     23.39      0.91 
  41950     24.85      0.92 
  42000     25.10      0.94 
  42050     25.37      0.95 
  42100     26.57      0.96 
  42150     28.32      0.99 
  42200     25.74      0.96 
  42250     25.62      0.94 
  42299     24.58      0.94 
  42350     25.49      0.98 
  42400     27.09      1.01 
  42450     27.06      1.01 
  42500     27.04      0.99 
  42550     25.55      0.96 
  42600     27.70      0.98 
  42650     27.00      0.96 
  42700     26.03      0.96 
  42750     26.57      0.98 
  42799     26.74      0.98 
  42850     27.75      1.00 
  42900     25.55      0.97 
  42950     27.55      1.01 
  43000     27.74      1.02 
  43050     27.73      1.01 
  43100     25.73      0.97 
  43149     26.45      0.96 
  43200     27.49      1.00 
  43250     26.59      0.96 
  43300     27.50      0.98 
  43350     31.82      1.06 
  43400     31.12      1.06 
  43450     33.81      1.10 
  43499     35.23      1.10 
  43549     38.04      1.13 
  43600     38.08      1.14 
  43650     39.72      1.17 
  43700     42.30      1.19 
  43750     42.23      1.20 
  43800     44.63      1.24 
  43850     43.25      1.25 
  43900     46.15      1.28 
  43950     44.37      1.22 
  44000     45.11      1.25 
  44050     45.03      1.22 
  44100     44.48      1.21 
  44150     45.48      1.25 
  44200     43.56      1.20 
  44250     43.42      1.20 
  44300     43.82      1.20 
  44350     47.09      1.24 
  44400     41.36      1.17 
  44450     42.56      1.19 
  44500     42.86      1.19 
  44550     43.08      1.19 
  44600     41.56      1.18 
  44650     42.60      1.20 
  44700     42.19      1.19 
  44750     42.84      1.19 
  44800     41.00      1.17 
  44850     42.16      1.18 
  44900     41.47      1.17 
  44950     38.42      1.13 
  45000     39.71      1.14 
  45050     39.06      1.13 
  45100     38.31      1.13 
  45150     39.31      1.14 
  45200     39.30      1.14 
  45250     39.71      1.15 
  45300     38.82      1.14 
  45350     37.25      1.12 
  45400     38.25      1.13 
  45450     36.71      1.11 
  45500     38.20      1.12 
  45550     36.72      1.10 
  45600     36.10      1.09 
  45650     38.24      1.12 
  45700     37.70      1.12 
  45750     37.10      1.11 
  45800     36.72      1.11 
  45850     36.82      1.10 
  45900     38.74      1.12 
  45950     35.57      1.09 
  46000     38.28      1.13 
  46050     36.55      1.11 
  46100     36.81      1.11 
  46150     35.93      1.09 
  46200     36.76      1.11 
  46250     37.79      1.12 
  46300     38.85      1.14 
  46350     38.01      1.12 
  46400     35.51      1.09 
  46450     38.71      1.13 
  46500     37.66      1.12 
  46549     36.04      1.09 
  46600     37.71      1.11 
  46650     36.82      1.11 
  46700     37.72      1.11 
  46750     35.68      1.08 
  46800     36.50      1.09 
  46850     36.54      1.09 
  46900     37.00      1.10 
  46950     37.41      1.11 
  47000     36.90      1.10 
  47050     38.45      1.12 
  47100     38.52      1.13 
  47150     37.70      1.11 
  47200     37.05      1.10 
  47250     37.31      1.11 
  47300     37.66      1.11 
  47350     37.41      1.11 
  47400     38.31      1.12 
  47450     38.45      1.13 
  47500     34.88      1.07 
  47550     37.68      1.11 
  47600     36.84      1.10 
  47650     37.33      1.11 
  47700     36.75      1.10 
  47750     36.69      1.10 
  47799     36.24      1.10 
  47850     37.42      1.11 
  47900     37.28      1.11 
  47950     34.39      1.06 
  48000     34.26      1.07 
  48050     37.20      1.11 
  48100     37.28      1.12 
  48149     36.27      1.10 
  48200     37.62      1.12 
  48250     36.45      1.10 
  48300     36.91      1.10 
  48350     37.08      1.10 
  48400     37.08      1.11 
  48450     35.22      1.08 
  48500     37.49      1.11 
  48549     35.13      1.08 
  48600     36.07      1.10 
  48650     36.07      1.10 
  48700     33.73      1.06 
  48750     35.52      1.08 
  48800     34.69      1.07 
  48850     31.93      1.03 
  48900     33.65      1.05 
  48950     34.18      1.06 
  49000     33.23      1.05 
  49049     33.21      1.05 
  49100     32.50      1.03 
  49150     33.08      1.05 
  49200     32.16      1.03 
  49250     31.86      1.03 
  49300     33.31      1.05 
  49350     29.44      0.99 
  49399     32.19      1.04 
  49450     33.32      1.07 
  49500     31.89      1.04 
  49550     32.12      1.04 
  49600     32.83      1.04 
  49650     31.16      1.02 
  49700     31.54      1.03 
  49749     31.69      1.03 
  49799     33.19      1.05 
  49850     31.63      1.03 
  49900     32.85      1.06 
  49950     33.37      1.06 
  50000     32.81      1.05 
  50049     32.15      1.18 
  50100     34.23      1.24 
  50149     33.48      1.06 
  50200     32.40      1.04 
  50250     33.11      1.05 
  50299     30.21      1.01 
  50350     30.73      1.02 
  50400     32.97      1.05 
  50449     33.79      1.07 
  50500     32.41      1.05 
  50549     33.70      1.07 
  50600     31.42      1.03 
  50649     31.86      1.03 
  50700     29.80      1.00 
  50750     30.27      1.01 
  50800     28.91      0.98 
  50849     31.89      1.03 
  50900     30.60      1.01 
  50950     30.24      1.01 
  51000     31.84      1.03 
  51049     30.57      1.01 
  51100     32.78      1.04 
  51150     30.93      1.01 
  51200     36.95      1.11 
  51249     30.92      1.01 
  51300     31.33      1.03 
  51349     32.16      1.03 
  51400     33.11      1.05 
  51450     31.71      1.03 
  51500     31.62      1.02 
  51549     33.48      1.06 
  51600     32.42      1.03 
  51649     31.78      1.03 
  51700     31.10      1.01 
  51749     30.16      0.99 
  51800     32.89      1.05 
  51850     32.85      1.05 
  51899     31.28      1.02 
  51950     30.49      1.01 
  52000     31.31      1.02 
  52049     33.12      1.05 
  52100     32.16      1.04 
  52149     30.40      1.01 
  52200     31.95      1.04 
  52249     31.03      1.02 
  52299     30.45      1.00 
  52350     30.64      1.01 
  52400     31.26      1.02 
  52449     30.72      1.01 
  52500     31.20      1.02 
  52549     31.23      1.02 
  52600     31.79      1.03 
  52649     31.61      1.03 
  52700     31.03      1.01 
  52750     30.64      1.01 
  52799     32.19      1.03 
  52849     32.05      1.03 
  52900     29.52      0.99 
  52949     30.72      1.01 
  53000     32.08      1.03 
  53049     33.39      1.05 
  53100     29.71      1.00 
  53149     29.44      0.99 
  53200     31.24      1.02 
  53249     31.62      1.03 
  53300     31.39      1.02 
  53349     29.69      1.00 
  53400     30.20      1.00 
  53450     31.29      1.01 
  53499     28.76      0.98 
  53549     29.41      0.98 
  53600     30.62      1.00 
  53649     31.45      1.02 
  53700     30.04      1.00 
  53749     32.08      1.03 
  53800     31.00      1.01 
  53849     30.05      0.99 
  53899     28.86      0.97 
  53950     30.58      1.00 
  54000     30.90      1.02 
  54049     30.22      1.01 
  54100     31.94      1.03 
  54149     29.10      0.98 
  54200     32.38      1.03 
  54249     31.47      1.02 
  54299     29.14      0.98 
  54350     30.51      1.00 
  54399     30.98      1.01 
  54449     32.56      1.04 
  54500     28.66      0.98 
  54549     31.07      1.01 
  54600     29.27      0.99 
  54649     31.54      1.04 
  54700     30.83      1.02 
  54749     31.78      1.04 
  54799     31.87      1.04 
  54849     28.98      0.99 
  54900     28.81      0.99 
  54949     29.17      1.00 
  55000     29.34      1.01 
  55049     31.84      1.04 
  55099     32.96      1.06 
  55149     29.32      1.00 
  55200     29.68      1.01 
  55249     31.06      1.03 
  55299     30.08      1.02 
  55349     32.14      1.05 
  55400     29.79      1.02 
  55449     31.24      1.04 
  55499     30.14      1.03 
  55549     32.57      1.05 
  55600     32.27      1.06 
  55649     28.68      1.00 
  55700     31.25      1.04 
  55749     31.12      1.03 
  55800     30.07      1.02 
  55849     31.35      1.04 
  55899     31.78      1.05 
  55950     29.53      1.01 
  55999     30.85      1.03 
  56049     30.42      1.03 
  56100     32.80      1.06 
  56149     31.41      1.05 
  56200     30.14      1.02 
  56250     33.38      1.08 
  56299     29.82      1.02 
  56350     32.27      1.05 
  56399     32.26      1.04 
  56450     33.27      1.07 
  56500     32.05      1.04 
  56549     30.31      1.02 
  56600     30.28      1.02 
  56650     33.65      1.07 
  56699     31.18      1.05 
  56750     32.71      1.06 
  56799     31.63      1.04 
  56850     31.34      1.03 
  56899     29.83      1.02 
  56950     31.22      1.03 
  57000     30.74      1.03 
  57050     32.13      1.05 
  57099     33.44      1.06 
  57150     33.29      1.07 
  57200     32.17      1.05 
  57250     32.88      1.06 
  57299     31.93      1.05 
  57350     30.62      1.04 
  57400     31.39      1.05 
  57450     31.84      1.04 
  57499     29.23      1.00 
  57550     30.35      1.02 
  57599     30.35      1.02 
  57650     31.23      1.04 
  57700     30.08      1.01 
  57750     30.69      1.02 
  57799     29.24      1.00 
  57850     28.05      0.99 
  57899     30.00      1.01 
  57950     29.56      1.01 
  57999     30.46      1.01 
  58050     29.07      0.99 
  58100     29.83      1.00 
  58149     29.77      0.99 
  58200     30.76      1.01 
  58250     30.11      0.99 
  58299     28.93      0.98 
  58350     29.57      0.98 
  58399     28.86      0.98 
  58450     28.40      0.97 
  58499     29.86      1.00 
  58549     28.48      0.97 
  58600     29.46      0.98 
  58650     30.38      1.01 
  58699     28.44      0.98 
  58750     28.21      0.96 
  58799     28.45      0.97 
  58850     29.31      0.98 
  58899     30.36      0.99 
  58950     29.40      0.98 
  59000     30.19      0.99 
  59049     29.82      0.99 
  59099     30.46      1.00 
  59150     29.00      0.97 
  59199     30.02      0.99 
  59250     29.04      0.97 
  59299     28.54      0.98 
  59350     29.70      1.01 
  59399     30.50      1.02 
  59450     32.20      1.03 
  59499     31.23      1.02 
  59550     30.75      1.02 
  59599     32.99      1.04 
  59650     33.59      1.07 
  59700     34.20      1.08 
  59749     33.55      1.08 
  59799     33.48      1.08 
  59850     35.57      1.11 
  59899     36.19      1.11 
  59950     35.87      1.12 
