#  Table rgs12o12_b80_22_0160363201.lc[1]  Wed 15:45:36 27-Nov-2013

#   TIME     RATE1    ERROR1 
#    s      count/s   count/s 
              
      0     3.25      0.22 
     80     3.21      0.23 
    160     3.07      0.21 
    240     2.71      0.21 
    320     2.80      0.21 
    400     3.04      0.22 
    480     2.91      0.21 
    559     2.99      0.22 
    640     3.20      0.22 
    719     2.88      0.22 
    800     2.89      0.21 
    880     2.99      0.21 
    959     3.04      0.21 
   1040     3.23      0.22 
   1120     3.19      0.23 
   1200     2.57      0.20 
   1280     2.86      0.21 
   1360     2.97      0.21 
   1440     2.61      0.24 
   1520     2.82      0.20 
   1600     2.64      0.21 
   1680     3.76      0.24 
   1760     2.93      0.21 
   1840     2.93      0.21 
   1920     2.50      0.20 
   2000     2.90      0.21 
   2080     2.97      0.21 
   2160     2.91      0.21 
   2240     2.95      0.22 
   2320     2.74      0.20 
   2400     2.69      0.19 
   2480     2.58      0.21 
   2560     2.45      0.20 
   2640     2.66      0.20 
   2720     2.56      0.20 
   2800     2.57      0.20 
   2880     2.65      0.20 
   2960     2.35      0.19 
   3040     2.34      0.20 
   3120     2.35      0.19 
   3200     2.23      0.19 
   3280     2.43      0.19 
   3360     2.73      0.20 
   3440     2.27      0.18 
   3520     2.38      0.20 
   3600     2.44      0.19 
   3680     2.67      0.20 
   3760     2.59      0.19 
   3840     2.28      0.20 
   3920     2.63      0.20 
   4000     2.24      0.18 
   4080     2.31      0.20 
   4160     2.55      0.20 
   4240     2.22      0.19 
   4320     2.39      0.19 
   4400     2.25      0.20 
   4480     2.44      0.19 
   4560     2.50      0.20 
   4640     2.67      0.20 
   4720     2.33      0.22 
   4800     2.86      0.21 
   4880     2.55      0.20 
   4960     2.54      0.19 
   5040     2.81      0.21 
   5120     2.37      0.19 
   5200     2.16      0.18 
   5279     2.40      0.19 
   5360     2.76      0.21 
   5439     2.30      0.19 
   5520     2.73      0.20 
   5599     2.50      0.20 
   5679     2.53      0.20 
   5759     2.16      0.19 
   5839     2.49      0.20 
   5919     2.37      0.20 
   6000     2.52      0.19 
   6079     2.55      0.20 
   6159     2.35      0.20 
   6239     2.39      0.20 
   6320     2.55      0.21 
   6400     2.12      0.18 
   6479     2.32      0.19 
   6559     2.82      0.20 
   6640     2.65      0.20 
   6720     2.73      0.20 
   6799     2.78      0.22 
   6879     2.25      0.21 
   6959     3.16      0.23 
   7040     3.11      0.22 
   7119     2.68      0.21 
   7199     2.42      0.20 
   7279     2.92      0.22 
   7359     2.79      0.21 
   7439     2.71      0.20 
   7520     2.94      0.22 
   7600     2.60      0.21 
   7680     2.69      0.21 
   7760     3.02      0.23 
   7840     3.00      0.23 
   7920     2.89      0.22 
   8000     2.77      0.22 
   8080     2.90      0.22 
   8160     2.66      0.22 
   8240     2.74      0.21 
   8320     2.56      0.21 
   8400     2.51      0.21 
   8480     2.59      0.19 
   8559     2.50      0.21 
   8640     2.72      0.21 
   8720     2.28      0.19 
   8800     2.51      0.19 
   8879     2.43      0.20 
   8959     2.49      0.20 
   9040     2.48      0.20 
   9120     2.76      0.22 
   9199     2.51      0.21 
   9279     2.75      0.20 
   9359     2.80      0.21 
   9440     2.29      0.20 
   9519     2.67      0.20 
   9599     2.20      0.20 
   9679     2.27      0.19 
   9759     2.46      0.21 
   9839     2.30      0.20 
   9919     2.59      0.21 
  10000     2.42      0.20 
  10080     2.60      0.22 
  10160     2.32      0.20 
  10240     2.34      0.21 
  10320     2.43      0.20 
  10400     2.58      0.21 
  10480     2.84      0.22 
  10560     2.30      0.20 
  10640     2.44      0.20 
  10720     2.69      0.21 
  10800     2.72      0.22 
  10880     2.56      0.21 
  10960     2.59      0.21 
  11040     2.36      0.20 
  11120     2.87      0.21 
  11200     2.47      0.19 
  11280     2.12      0.19 
  11360     2.68      0.20 
  11440     2.61      0.20 
  11520     2.40      0.19 
  11600     2.53      0.19 
  11680     2.43      0.20 
  11760     2.59      0.20 
  11840     2.56      0.20 
  11920     2.62      0.20 
  12000     2.43      0.19 
  12080     2.67      0.20 
  12160     2.34      0.19 
  12240     2.50      0.19 
  12320     2.09      0.18 
  12400     2.45      0.19 
  12480     2.53      0.20 
  12560     2.31      0.19 
  12640     2.27      0.20 
  12720     2.08      0.18 
  12800     2.34      0.19 
  12880     2.66      0.21 
  12960     2.48      0.20 
  13040     2.52      0.20 
  13120     2.51      0.19 
  13200     2.47      0.20 
  13280     2.58      0.19 
  13360     2.66      0.20 
  13440     2.60      0.20 
  13520     2.00      0.17 
  13600     2.36      0.19 
  13680     2.62      0.20 
  13760     3.02      0.21 
  13840     3.02      0.22 
  13920     3.93      0.25 
  14000     4.27      0.25 
  14080     4.15      0.25 
  14160     5.15      0.27 
  14240     5.10      0.28 
  14320     5.03      0.27 
  14400     5.16      0.29 
  14480     5.40      0.28 
  14560     5.16      0.28 
  14640     5.92      0.29 
  14720     5.34      0.28 
  14800     5.15      0.28 
  14880     5.95      0.29 
  14960     4.86      0.27 
  15040     4.93      0.27 
  15120     4.38      0.30 
  15200     4.62      0.27 
  15280     3.85      0.25 
  15360     4.08      0.24 
  15440     4.16      0.26 
  15520     4.23      0.25 
  15600     3.93      0.25 
  15680     3.94      0.25 
  15760     3.68      0.24 
  15840     3.32      0.23 
  15920     3.93      0.24 
  16000     4.31      0.26 
  16080     3.88      0.24 
  16160     3.58      0.24 
  16240     3.58      0.22 
  16320     3.85      0.25 
  16400     3.81      0.24 
  16480     4.14      0.25 
  16560     3.57      0.23 
  16640     4.01      0.25 
  16720     3.71      0.24 
  16800     3.78      0.24 
  16880     3.37      0.44 
  16960     3.82      0.23 
  17040     4.04      0.40 
  17120     4.08      0.25 
  17200     3.27      0.22 
  17280     3.33      0.21 
  17360     3.38      0.23 
  17440     4.08      0.25 
  17520     3.47      0.24 
  17600     3.79      0.24 
  17680     3.57      0.23 
  17760     3.68      0.23 
  17840     3.45      0.23 
  17920     3.75      0.24 
  18000     3.72      0.24 
  18080     3.41      0.23 
  18160     2.83      0.21 
  18240     3.48      0.23 
  18320     3.62      0.24 
  18400     3.96      0.25 
  18480     3.28      0.22 
  18560     3.76      0.24 
  18640     4.57      0.26 
  18720     4.00      0.25 
  18800     4.02      0.24 
  18880     4.02      0.25 
  18960     4.23      0.26 
  19040     3.78      0.24 
  19120     4.16      0.25 
  19200     4.23      0.26 
  19280     3.94      0.25 
  19360     4.09      0.25 
  19440     4.63      0.27 
  19520     4.34      0.25 
  19600     4.43      0.26 
  19680     4.89      0.26 
  19760     5.26      0.29 
  19840     5.51      0.28 
  19920     5.34      0.28 
  20000     5.93      0.31 
  20080     6.94      0.32 
  20160     6.35      0.31 
  20240     6.33      0.29 
  20320     6.24      0.31 
  20400     6.39      0.30 
  20480     7.07      0.32 
  20560     6.24      0.30 
  20640     7.44      0.34 
  20720     6.42      0.30 
  20800     7.14      0.33 
  20880     6.84      0.32 
  20960     6.22      0.30 
  21040     6.40      0.31 
  21120     6.09      0.30 
  21200     6.03      0.30 
  21280     5.99      0.29 
  21360     5.80      0.30 
  21440     5.47      0.28 
  21520     5.41      0.28 
  21600     5.55      0.28 
  21680     5.89      0.30 
  21760     5.30      0.27 
  21840     5.46      0.29 
  21920     5.70      0.29 
  22000     5.85      0.29 
  22080     5.52      0.29 
  22160     5.41      0.29 
  22240     5.56      0.30 
  22320     5.38      0.28 
  22400     4.95      0.28 
  22480     4.81      0.26 
  22560     4.86      0.27 
  22640     5.34      0.28 
  22720     4.58      0.27 
  22800     4.74      0.26 
  22880     4.61      0.26 
  22960     4.52      0.25 
  23040     4.98      0.28 
  23120     4.39      0.26 
  23200     4.32      0.26 
  23280     4.28      0.25 
  23360     4.49      0.26 
  23440     4.52      0.26 
  23520     3.95      0.25 
  23600     4.51      0.27 
  23680     3.91      0.24 
  23760     4.23      0.26 
  23840     4.14      0.25 
  23920     3.88      0.24 
  24000     4.01      0.24 
  24080     4.00      0.25 
  24160     3.81      0.23 
  24240     4.13      0.25 
  24320     3.78      0.25 
  24400     3.53      0.24 
  24480     3.48      0.23 
  24560     3.88      0.25 
  24640     3.96      0.25 
  24720     4.19      0.24 
  24800     4.16      0.26 
  24880     3.97      0.24 
  24960     3.94      0.24 
  25040     4.24      0.25 
  25120     3.96      0.25 
  25200     4.00      0.24 
  25280     4.21      0.25 
  25360     3.91      0.24 
  25440     3.87      0.24 
  25520     3.66      0.23 
  25600     3.73      0.24 
  25680     4.00      0.25 
  25760     4.04      0.24 
  25840     3.50      0.24 
  25920     4.09      0.25 
  26000     3.57      0.25 
  26080     3.83      0.23 
  26160     3.35      0.24 
  26240     4.14      0.24 
  26320     3.77      0.24 
  26400     4.23      0.26 
  26480     4.06      0.25 
  26560     3.93      0.24 
  26640     3.91      0.25 
  26720     3.74      0.24 
  26800     3.86      0.24 
  26880     4.29      0.25 
  26960     4.01      0.24 
  27040     4.23      0.25 
  27120     3.70      0.23 
  27200     4.26      0.26 
  27280     3.98      0.24 
  27360     4.26      0.25 
  27440     3.68      0.23 
  27520     3.97      0.24 
  27600     3.92      0.24 
  27680     3.88      0.24 
  27760     3.77      0.25 
  27840     4.59      0.26 
  27920     3.72      0.24 
  28000     3.98      0.24 
  28080     3.76      0.24 
  28160     3.62      0.24 
  28240     3.86      0.25 
  28320     3.98      0.24 
  28400     3.78      0.24 
  28480     3.81      0.24 
  28560     3.85      0.25 
  28640     4.06      0.25 
  28720     3.72      0.24 
  28800     4.05      0.26 
  28880     3.68      0.24 
  28960     4.14      0.25 
  29040     3.83      0.24 
  29120     4.04      0.25 
  29200     3.93      0.23 
  29280     3.71      0.25 
  29360     4.11      0.26 
  29440     4.14      0.26 
  29520     3.79      0.24 
  29600     3.96      0.25 
  29680     4.07      0.25 
  29760     4.01      0.24 
  29839     4.55      0.27 
  29920     4.16      0.25 
  30000     3.82      0.25 
  30080     3.80      0.24 
  30160     4.19      0.27 
  30240     3.79      0.24 
  30320     4.13      0.25 
  30400     3.82      0.25 
  30480     3.94      0.25 
  30560     3.83      0.24 
  30640     4.23      0.30 
  30720     4.25      0.29 
  30800     3.99      0.25 
  30880     4.31      0.26 
  30960     4.18      0.26 
  31040     4.02      0.27 
  31120     3.89      0.26 
  31200     4.16      0.26 
  31280     3.95      0.26 
  31360     4.59      0.28 
  31440     4.15      0.29 
  31520     3.97      0.27 
  31600     3.80      0.26 
  31680     4.05      0.32 
  31760     4.33      0.27 
  31840     3.85      0.26 
  31920     4.12      0.27 
  32000     3.96      0.29 
  32080     4.35      0.34 
  32160     3.69      0.29 
  32239     3.56      0.35 
  32320     4.44      0.36 
  32400     4.53      0.30 
  32480     4.36      0.28 
  32560     4.46      0.32 
  32640     3.84      0.32 
  32720     4.18      0.33 
  32800     3.97      0.36 
  32880     3.91      0.35 
  32960     3.88      0.33 
  33040     4.19      0.31 
  33120     3.97      0.32 
  33200     4.15      0.36 
  33280     4.37      0.42 
  33360     4.23      0.34 
  33440     4.06      0.31 
  33519     4.00      0.30 
  33600     4.47      0.36 
  33680     3.49      0.35 
  33760     4.24      0.36 
  33839     3.78      0.32 
  33920     3.38      0.33 
  34000     4.17      0.32 
  34080     4.25      0.34 
  34160     3.64      0.28 
  34239     3.84      0.26 
  34320     3.84      0.94 
  34400     3.68      0.32 
  34480     3.79      0.34 
  34560     4.48      0.33 
  34640     3.25      0.35 
  34720     3.60      0.34 
  34800     3.57      0.31 
  34880     3.89      0.29 
  34960     3.58      0.30 
  35040     3.61      0.25 
  35120     3.80      0.25 
  35200     3.81      0.25 
  35280     3.53      0.25 
  35360     4.31      0.30 
  35439     3.34      0.26 
  35520     3.78      0.29 
  35600     4.47      0.31 
  35680     3.45      0.29 
  35760     4.09      0.31 
  35839     3.41      0.27 
  35920     4.13      0.30 
  36000     4.04      0.34 
  36080     3.58      0.30 
  36160     3.24      0.29 
  36239     3.87      0.29 
  36320     3.69      0.27 
  36400     3.58      0.30 
  36480     3.42      0.31 
  36560     3.90      0.31 
  36640     3.73      0.29 
  36720     3.78      0.30 
  36800     3.70      0.31 
  36880     3.90      0.30 
  36960     4.07      0.27 
  37040     4.06      0.28 
  37120     3.67      0.31 
  37200     4.22      0.30 
  37280     3.77      0.29 
  37360     3.41      0.29 
  37440     3.61      0.29 
  37520     3.80      0.28 
  37600     3.66      0.31 
  37680     3.64      0.28 
  37760     3.52      0.31 
  37840     3.25      0.28 
  37920     3.40      0.28 
  38000     3.54      0.29 
  38080     3.62      0.30 
  38160     3.26      0.33 
  38240     2.69      0.29 
  38320     3.37      0.32 
  38400     3.49      0.36 
  38480     3.36      0.35 
  38560     3.22      0.29 
  38640     2.81      0.22 
  38720     2.88      0.21 
  38800     3.65      0.25 
  38880     3.42      0.25 
  38960     3.46      0.29 
  39040     3.50      0.30 
  39120     3.53      0.30 
  39200     3.02      0.27 
  39280     3.31      0.27 
  39360     3.51      0.28 
  39440     3.06      0.29 
  39519     3.16      0.27 
  39600     2.84      0.27 
  39680     3.05      0.26 
  39760     3.58      0.28 
  39840     3.74      0.26 
  39920     3.29      0.25 
  40000     3.43      0.27 
  40080     3.49      0.25 
  40160     3.12      0.25 
  40239     3.22      0.26 
  40320     3.11      0.27 
  40400     3.28      0.27 
  40480     3.76      0.28 
  40560     2.71      0.27 
  40640     2.96      0.25 
  40720     3.47      0.28 
  40800     4.07      0.29 
  40880     3.45      0.27 
  40960     3.58      0.26 
  41040     3.20      0.26 
  41120     3.61      0.26 
  41200     3.59      0.25 
  41280     3.48      0.26 
  41360     3.37      0.26 
  41440     3.28      0.31 
  41519     3.73      0.27 
  41600     3.52      0.28 
  41680     3.88      0.28 
  41760     3.99      0.28 
  41839     4.39      0.29 
  41920     3.71      0.27 
  42000     3.39      0.27 
  42080     3.89      0.29 
  42160     3.84      0.29 
  42239     3.72      0.29 
  42320     3.29      0.28 
  42400     3.88      0.29 
  42480     3.57      0.28 
  42560     3.85      0.29 
  42640     3.33      0.28 
  42720     4.10      0.30 
  42799     3.74      0.29 
  42880     4.04      0.28 
  42960     3.44      0.27 
  43040     4.14      0.27 
  43119     3.56      0.28 
  43200     3.74      0.30 
  43280     3.29      0.27 
  43360     3.89      0.28 
  43440     3.69      0.29 
  43519     3.63      0.29 
  43600     3.49      0.27 
  43680     3.59      0.29 
  43760     3.64      0.29 
  43840     3.30      0.28 
  43920     3.67      0.28 
  44000     3.02      0.27 
  44080     3.33      0.29 
  44160     2.96      0.27 
  44240     3.26      0.28 
  44320     3.34      0.28 
  44400     3.59      0.28 
  44480     2.74      0.27 
  44560     3.30      0.27 
  44640     3.16      0.27 
  44719     2.86      0.27 
  44800     3.15      0.27 
  44880     3.14      0.28 
  44960     2.54      0.26 
  45040     3.52      0.28 
  45119     2.70      0.26 
  45200     3.52      0.27 
  45280     2.88      0.25 
  45360     2.43      0.25 
  45440     2.81      0.24 
  45519     2.85      0.25 
  45600     3.22      0.26 
  45680     2.77      0.24 
  45760     2.76      0.25 
  45840     2.95      0.27 
  45920     3.31      0.26 
  46000     3.07      0.25 
  46080     2.75      0.25 
  46160     3.40      0.26 
  46240     3.55      0.27 
  46320     3.14      0.26 
  46400     2.88      0.26 
  46480     3.58      0.27 
  46560     2.86      0.26 
  46640     2.71      0.25 
  46720     2.77      0.25 
  46800     3.01      0.26 
  46880     2.35      0.23 
  46960     2.92      0.26 
  47040     2.73      0.24 
  47120     2.93      0.26 
  47200     3.23      0.27 
  47280     2.66      0.26 
  47360     2.60      0.26 
  47440     2.77      0.27 
  47520     2.85      0.24 
  47600     2.84      0.24 
  47680     3.07      0.26 
  47760     3.21      0.25 
  47840     2.64      0.24 
  47920     3.11      0.25 
  48000     2.69      0.26 
  48080     2.99      0.25 
  48160     2.63      0.24 
  48240     2.69      0.24 
  48320     2.79      0.23 
  48400     2.86      0.26 
  48480     2.47      0.27 
  48560     2.62      0.25 
  48640     2.47      0.24 
  48720     2.51      0.23 
  48800     2.65      0.24 
  48880     2.62      0.24 
  48960     2.61      0.22 
  49040     2.51      0.25 
  49120     2.29      0.23 
  49200     2.32      0.26 
  49280     2.57      0.25 
  49360     2.68      0.25 
  49440     2.45      0.25 
  49520     3.26      0.26 
  49600     2.39      0.24 
  49680     2.88      0.36 
