#  Table mos_b60_05_0134520301.lc[1]  Wed 10:13:26 27-Nov-2013

#   TIME     RATE1    ERROR1 
#    s      count/s   count/s 
              
      0     16.78      0.59 
     60     17.26      0.58 
    120     16.22      0.56 
    180     16.87      0.57 
    240     16.49      0.56 
    300     16.43      0.56 
    360     16.80      0.57 
    420     16.61      0.57 
    480     16.57      0.56 
    540     16.03      0.56 
    600     16.51      0.56 
    659     16.82      0.57 
    719     17.08      0.57 
    780     17.08      0.57 
    840     17.45      0.58 
    900     17.39      0.58 
    959     16.61      0.57 
   1020     15.64      0.55 
   1080     16.03      0.56 
   1140     16.08      0.56 
   1200     16.04      0.56 
   1260     17.44      0.58 
   1320     16.89      0.57 
   1380     15.86      0.55 
   1440     16.83      0.57 
   1500     15.74      0.55 
   1560     17.57      0.58 
   1620     16.83      0.57 
   1680     16.22      0.56 
   1740     17.39      0.58 
   1800     16.23      0.56 
   1860     17.63      0.58 
   1920     16.93      0.57 
   1980     16.59      0.57 
   2040     16.98      0.57 
   2100     16.54      0.56 
   2160     17.22      0.58 
   2220     18.14      0.59 
   2280     17.04      0.57 
   2340     17.09      0.57 
   2400     18.05      0.59 
   2460     17.71      0.58 
   2520     17.21      0.58 
   2580     17.64      0.58 
   2640     16.60      0.57 
   2700     16.92      0.57 
   2760     17.63      0.58 
   2820     16.82      0.57 
   2880     16.68      0.57 
   2940     16.69      0.57 
   3000     17.79      0.59 
   3060     18.29      0.59 
   3120     17.39      0.58 
   3180     17.67      0.58 
   3240     18.86      0.60 
   3300     18.39      0.60 
   3360     17.67      0.58 
   3420     17.61      0.58 
   3480     17.67      0.58 
   3540     17.38      0.58 
   3600     17.46      0.58 
   3660     17.76      0.59 
   3720     17.74      0.59 
   3780     18.09      0.59 
   3840     17.39      0.58 
   3900     17.30      0.58 
   3960     17.10      0.57 
   4020     17.03      0.57 
   4080     17.09      0.57 
   4140     17.99      0.59 
   4200     17.10      0.57 
   4260     18.08      0.59 
   4320     17.62      0.58 
   4380     16.95      0.57 
   4440     17.57      0.58 
   4500     18.36      0.59 
   4560     18.65      0.60 
   4620     17.44      0.58 
   4680     17.41      0.58 
   4740     16.70      0.57 
   4800     17.83      0.59 
   4860     17.68      0.58 
   4920     18.43      0.60 
   4979     17.48      0.58 
   5040     16.89      0.57 
   5100     18.46      0.60 
   5160     16.68      0.57 
   5220     18.35      0.59 
   5279     18.23      0.59 
   5340     17.05      0.57 
   5400     18.74      0.60 
   5460     16.87      0.57 
   5520     17.56      0.58 
   5580     18.06      0.59 
   5639     17.80      0.59 
   5700     18.15      0.59 
   5759     16.89      0.57 
   5820     17.18      0.58 
   5879     19.70      0.62 
   5939     18.12      0.59 
   6000     18.10      0.59 
   6060     19.28      0.61 
   6119     17.23      0.58 
   6179     18.73      0.60 
   6239     17.56      0.58 
   6300     18.13      0.59 
   6360     17.65      0.58 
   6420     17.40      0.58 
   6479     18.47      0.60 
   6540     17.83      0.59 
   6599     18.98      0.60 
   6659     17.44      0.58 
   6720     17.31      0.58 
   6779     18.23      0.59 
   6840     17.08      0.57 
   6900     19.08      0.61 
   6959     18.29      0.59 
   7020     17.33      0.58 
   7079     18.58      0.60 
   7140     17.84      0.59 
   7199     17.78      0.59 
   7259     16.96      0.57 
   7319     17.82      0.59 
   7379     17.40      0.58 
   7439     17.45      0.58 
   7500     18.56      0.61 
   7560     17.92      0.59 
   7620     18.61      0.60 
   7680     17.77      0.59 
   7740     17.80      0.59 
   7800     17.71      0.58 
   7859     18.51      0.60 
   7920     18.12      0.59 
   7979     17.37      0.58 
   8040     17.42      0.58 
   8099     17.31      0.58 
   8160     16.93      0.57 
   8220     17.47      0.58 
   8279     17.42      0.58 
   8339     17.36      0.58 
   8400     17.42      0.58 
   8459     17.49      0.58 
   8519     18.87      0.60 
   8579     17.29      0.58 
   8640     17.84      0.59 
   8699     18.12      0.59 
   8760     17.87      0.59 
   8820     17.59      0.58 
   8879     17.40      0.58 
   8940     17.27      0.58 
   9000     17.44      0.58 
   9059     17.78      0.59 
   9120     17.58      0.58 
   9179     18.06      0.59 
   9240     17.83      0.59 
   9300     18.41      0.60 
   9359     18.35      0.59 
   9419     17.94      0.59 
   9480     17.63      0.58 
   9540     17.32      0.58 
   9599     16.90      0.57 
   9659     17.40      0.58 
   9720     18.02      0.59 
   9779     18.02      0.59 
   9839     16.65      0.57 
   9899     17.17      0.57 
   9959     16.76      0.57 
  10020     18.18      0.59 
  10080     17.73      0.58 
  10140     18.18      0.59 
  10200     17.18      0.58 
  10260     16.98      0.57 
  10320     16.81      0.57 
  10380     17.49      0.58 
  10440     17.28      0.58 
  10500     17.91      0.59 
  10560     16.74      0.57 
  10620     17.81      0.59 
  10680     17.28      0.58 
  10740     17.13      0.57 
  10800     18.65      0.60 
  10860     17.73      0.58 
  10920     17.62      0.58 
  10980     17.29      0.58 
  11040     17.52      0.58 
  11100     17.11      0.57 
  11160     16.94      0.57 
  11220     17.05      0.57 
  11280     17.60      0.58 
  11340     17.57      0.58 
  11400     18.17      0.59 
  11460     17.57      0.58 
  11520     17.56      0.58 
  11580     18.43      0.60 
  11640     17.97      0.59 
  11700     18.06      0.59 
  11760     17.66      0.58 
  11820     17.26      0.58 
  11880     18.13      0.59 
  11940     17.52      0.58 
  12000     16.32      0.56 
  12060     17.76      0.59 
  12120     17.79      0.58 
  12180     17.63      0.58 
  12240     17.43      0.58 
  12300     18.61      0.60 
  12360     17.69      0.58 
  12420     17.63      0.58 
  12480     17.01      0.57 
  12540     17.15      0.57 
  12600     18.26      0.59 
  12660     17.11      0.57 
  12720     17.25      0.58 
  12780     17.70      0.58 
  12840     17.26      0.58 
  12900     17.14      0.57 
  12960     17.90      0.59 
  13020     17.56      0.58 
  13080     16.25      0.56 
  13140     17.57      0.58 
  13200     17.07      0.57 
  13260     17.44      0.58 
  13320     18.43      0.60 
  13380     17.09      0.57 
  13440     16.60      0.57 
  13500     16.67      0.57 
  13560     17.05      0.57 
  13620     17.59      0.58 
  13680     17.34      0.58 
  13740     17.79      0.59 
  13800     17.24      0.58 
  13860     17.63      0.58 
  13920     17.57      0.58 
  13980     17.41      0.58 
  14040     16.83      0.57 
  14100     18.12      0.59 
  14160     16.41      0.56 
  14220     17.42      0.58 
  14280     17.47      0.58 
  14340     17.52      0.58 
  14400     17.48      0.58 
  14460     16.34      0.56 
  14520     17.92      0.59 
  14580     16.85      0.57 
  14640     17.82      0.59 
  14700     17.33      0.58 
  14760     17.08      0.57 
  14820     16.86      0.57 
  14880     16.14      0.56 
  14940     17.64      0.59 
  15000     16.94      0.57 
  15060     16.49      0.56 
  15120     17.45      0.58 
  15180     17.79      0.59 
  15240     16.63      0.57 
  15300     17.09      0.57 
  15360     16.86      0.57 
  15420     17.22      0.58 
  15480     16.90      0.57 
  15540     16.05      0.56 
  15600     13.87      0.53 
  15660     16.51      0.56 
  15720     17.06      0.57 
  15780     16.26      0.56 
  15840     16.99      0.57 
  15900     16.90      0.57 
  15960     16.39      0.56 
  16020     17.26      0.58 
  16080     16.43      0.56 
  16140     17.82      0.59 
  16200     16.94      0.57 
  16260     15.95      0.56 
  16320     16.91      0.57 
  16380     16.59      0.57 
  16440     15.94      0.55 
  16500     15.83      0.55 
  16560     16.21      0.56 
  16620     16.06      0.56 
  16680     16.49      0.56 
  16740     16.07      0.56 
  16800     17.10      0.57 
  16860     17.17      0.58 
  16920     16.44      0.56 
  16980     15.81      0.55 
  17040     16.37      0.56 
  17100     15.83      0.55 
  17160     17.08      0.57 
  17220     16.82      0.57 
  17280     16.64      0.57 
  17340     15.98      0.55 
  17400     16.64      0.57 
  17460     14.93      0.54 
  17520     16.43      0.56 
  17580     16.29      0.56 
  17640     15.87      0.55 
  17700     16.60      0.57 
  17760     16.39      0.56 
  17820     16.63      0.57 
  17880     15.47      0.55 
  17940     15.58      0.55 
  18000     16.31      0.56 
  18060     15.40      0.54 
  18120     15.73      0.55 
  18180     15.35      0.54 
  18240     15.66      0.55 
  18300     14.98      0.54 
  18360     14.81      0.53 
  18420     15.90      0.55 
  18480     16.10      0.56 
  18540     15.96      0.56 
  18600     15.73      0.55 
  18660     15.43      0.54 
  18720     15.51      0.55 
  18780     15.09      0.54 
  18840     15.06      0.54 
  18900     15.93      0.55 
  18960     16.08      0.56 
  19020     15.94      0.56 
  19080     15.92      0.55 
  19140     15.86      0.55 
  19200     16.00      0.56 
  19260     15.33      0.54 
  19320     16.10      0.56 
  19380     16.35      0.56 
  19440     15.49      0.55 
  19500     15.84      0.55 
  19560     16.04      0.56 
  19620     15.67      0.55 
  19680     15.75      0.55 
  19740     15.74      0.55 
  19800     15.67      0.55 
  19860     15.68      0.55 
  19920     15.63      0.55 
  19980     15.67      0.55 
  20040     15.51      0.55 
  20100     15.71      0.55 
  20160     15.71      0.55 
  20220     15.69      0.55 
  20280     15.48      0.55 
  20340     15.26      0.54 
  20400     15.85      0.55 
  20460     15.49      0.55 
  20520     14.72      0.53 
  20580     14.82      0.53 
  20640     15.17      0.54 
  20700     15.36      0.54 
  20760     16.46      0.56 
  20820     15.75      0.55 
  20880     15.51      0.55 
  20940     14.94      0.54 
  21000     15.14      0.54 
  21060     15.31      0.54 
  21120     15.06      0.54 
  21180     15.34      0.54 
  21240     15.41      0.54 
  21300     15.11      0.54 
  21360     14.83      0.53 
  21420     15.05      0.54 
  21480     14.92      0.54 
  21540     16.10      0.56 
  21600     14.11      0.52 
  21660     15.76      0.55 
  21720     14.55      0.53 
  21780     16.15      0.56 
  21840     15.22      0.54 
  21900     15.78      0.55 
  21960     15.28      0.54 
  22020     15.45      0.55 
  22080     15.11      0.54 
  22140     14.75      0.53 
  22200     15.57      0.55 
  22260     15.72      0.55 
  22320     15.80      0.55 
  22380     15.15      0.54 
  22440     15.20      0.54 
  22500     15.62      0.55 
  22560     15.19      0.54 
  22620     15.82      0.55 
  22680     14.41      0.53 
  22740     15.52      0.55 
  22800     15.14      0.54 
  22860     14.98      0.54 
  22920     15.97      0.55 
  22980     14.21      0.52 
  23040     14.79      0.53 
  23100     14.89      0.54 
  23160     15.75      0.55 
  23220     16.09      0.56 
  23280     15.90      0.55 
  23340     15.02      0.54 
  23400     14.54      0.53 
  23460     14.73      0.53 
  23520     15.31      0.54 
  23580     14.95      0.54 
  23640     15.08      0.54 
  23700     14.27      0.53 
  23760     15.43      0.55 
  23820     16.14      0.56 
  23880     17.28      0.58 
  23940     17.53      0.58 
  24000     16.81      0.57 
  24060     18.04      0.59 
  24120     17.61      0.58 
  24180     17.33      0.58 
  24240     17.14      0.57 
  24300     16.67      0.57 
  24360     17.05      0.57 
  24420     16.60      0.56 
  24480     16.36      0.56 
  24540     16.87      0.57 
  24600     16.79      0.57 
  24660     16.58      0.57 
  24720     15.82      0.55 
  24780     16.30      0.56 
  24840     15.08      0.54 
  24900     15.88      0.55 
  24960     16.06      0.56 
  25020     16.15      0.56 
  25080     15.58      0.55 
  25140     16.45      0.56 
  25200     15.03      0.54 
  25260     16.24      0.56 
  25320     14.66      0.53 
  25380     14.33      0.52 
  25440     15.64      0.55 
  25500     15.88      0.55 
  25560     15.22      0.54 
  25620     15.69      0.55 
  25680     15.88      0.55 
  25740     15.74      0.55 
  25800     16.16      0.56 
  25860     15.00      0.54 
  25920     14.79      0.53 
  25980     14.65      0.53 
  26040     14.42      0.53 
  26100     15.31      0.54 
  26160     15.03      0.54 
  26220     15.11      0.54 
  26280     15.79      0.55 
  26340     15.51      0.55 
  26400     15.83      0.55 
  26460     14.74      0.53 
  26520     14.93      0.54 
  26580     14.71      0.53 
  26640     15.28      0.54 
  26700     14.27      0.52 
  26760     15.24      0.54 
  26820     16.02      0.56 
  26880     16.02      0.56 
  26940     15.71      0.55 
  27000     14.09      0.52 
  27060     15.04      0.54 
  27120     14.71      0.53 
  27180     15.24      0.54 
  27240     15.30      0.54 
  27300     15.12      0.54 
  27360     15.81      0.55 
  27420     14.56      0.53 
  27480     14.56      0.53 
  27540     14.76      0.53 
  27600     14.85      0.53 
  27660     15.47      0.55 
  27720     14.51      0.53 
  27780     14.84      0.53 
  27840     14.95      0.54 
  27900     13.76      0.51 
  27960     14.40      0.53 
  28020     15.53      0.55 
  28080     14.26      0.52 
  28140     15.01      0.54 
  28200     14.95      0.54 
  28260     14.79      0.53 
  28320     14.61      0.53 
  28380     14.55      0.53 
  28440     13.87      0.52 
  28500     14.67      0.53 
  28560     14.74      0.53 
  28620     14.19      0.52 
  28680     15.16      0.54 
  28740     14.72      0.53 
  28800     13.82      0.52 
  28860     14.33      0.53 
  28920     14.31      0.53 
  28980     14.33      0.53 
  29040     14.67      0.53 
  29100     13.20      0.50 
  29160     14.68      0.53 
  29220     14.11      0.52 
  29280     13.79      0.52 
  29340     13.93      0.52 
  29400     14.10      0.52 
  29460     14.09      0.52 
  29520     13.58      0.51 
  29580     13.99      0.52 
  29639     14.32      0.52 
  29700     14.42      0.53 
  29760     13.08      0.50 
  29820     13.98      0.52 
  29880     14.50      0.53 
  29940     14.01      0.52 
  30000     13.90      0.52 
  30060     12.80      0.50 
  30120     13.63      0.51 
  30180     14.19      0.52 
  30240     12.69      0.49 
  30300     13.35      0.51 
  30360     14.03      0.52 
  30420     14.46      0.53 
  30480     13.75      0.51 
  30540     13.49      0.51 
  30600     14.06      0.53 
  30660     13.22      0.50 
  30720     14.36      0.53 
  30780     14.71      0.53 
  30840     13.59      0.51 
  30900     14.30      0.53 
  30960     14.01      0.52 
  31020     13.60      0.51 
  31080     12.73      0.50 
  31140     13.94      0.52 
  31200     13.52      0.51 
  31260     13.36      0.51 
  31320     13.20      0.50 
  31380     13.55      0.51 
  31440     13.46      0.51 
  31500     13.63      0.52 
  31560     13.15      0.51 
  31620     14.28      0.52 
  31680     13.84      0.52 
  31740     13.51      0.51 
  31800     13.55      0.51 
  31860     13.49      0.51 
  31920     13.11      0.50 
  31980     13.09      0.50 
  32040     13.98      0.52 
  32100     13.33      0.51 
  32160     13.92      0.52 
  32220     13.74      0.51 
  32280     13.22      0.51 
  32340     13.02      0.50 
  32400     13.20      0.50 
  32460     13.92      0.52 
  32520     13.76      0.51 
  32580     14.06      0.52 
  32640     14.31      0.52 
  32700     13.16      0.50 
  32760     12.89      0.50 
  32820     12.31      0.49 
  32880     13.28      0.51 
  32940     13.20      0.50 
  33000     13.27      0.51 
  33060     13.04      0.50 
  33120     13.01      0.50 
  33180     12.54      0.49 
  33239     13.95      0.52 
  33300     14.17      0.52 
  33360     12.67      0.49 
  33420     13.53      0.51 
  33480     13.43      0.51 
  33540     12.70      0.49 
  33600     14.27      0.52 
  33660     13.65      0.51 
  33720     13.98      0.52 
  33780     13.65      0.51 
  33839     13.89      0.52 
  33900     12.11      0.48 
  33960     13.98      0.52 
  34020     12.60      0.49 
  34080     13.31      0.51 
  34140     13.49      0.51 
  34200     12.69      0.50 
  34260     13.20      0.51 
  34320     13.56      0.51 
  34380     13.11      0.50 
  34440     13.13      0.50 
  34500     12.85      0.50 
  34560     13.39      0.51 
  34620     12.94      0.50 
  34680     13.00      0.50 
  34739     13.22      0.50 
  34800     13.32      0.51 
  34860     13.21      0.50 
  34920     13.40      0.51 
  34980     12.27      0.49 
  35040     13.24      0.51 
  35100     12.60      0.49 
  35160     12.72      0.49 
  35220     14.13      0.52 
  35280     13.03      0.50 
  35340     13.01      0.50 
  35400     13.36      0.51 
  35460     13.29      0.51 
  35520     13.73      0.51 
  35580     13.39      0.51 
  35640     13.41      0.51 
  35700     13.90      0.52 
  35760     13.32      0.51 
  35820     14.33      0.53 
  35880     13.41      0.51 
  35940     13.12      0.50 
  36000     13.12      0.50 
  36060     13.90      0.52 
  36120     12.43      0.49 
  36180     14.01      0.52 
  36239     12.73      0.49 
  36300     13.92      0.52 
  36360     14.10      0.52 
  36420     13.72      0.51 
  36480     13.14      0.50 
  36540     13.19      0.50 
  36600     13.31      0.51 
  36660     13.27      0.51 
  36720     13.42      0.51 
  36780     13.98      0.52 
  36840     13.64      0.51 
  36900     13.64      0.51 
  36960     13.18      0.50 
  37020     13.68      0.51 
  37080     13.33      0.51 
  37140     13.21      0.50 
  37200     12.95      0.50 
  37260     12.75      0.50 
  37320     14.26      0.52 
  37380     12.97      0.50 
  37440     12.90      0.50 
  37500     13.41      0.51 
  37560     13.18      0.50 
  37620     13.11      0.50 
  37680     13.14      0.50 
  37740     13.97      0.52 
  37800     13.96      0.52 
  37860     13.84      0.52 
  37920     13.05      0.50 
  37980     13.41      0.51 
  38040     13.93      0.52 
  38100     13.76      0.51 
  38160     13.78      0.51 
  38220     14.60      0.53 
  38280     14.30      0.52 
  38340     14.32      0.53 
  38400     14.04      0.52 
  38460     14.84      0.53 
  38519     14.54      0.53 
  38580     14.27      0.52 
  38640     14.18      0.52 
  38700     13.51      0.51 
  38760     13.43      0.51 
  38820     14.13      0.52 
  38880     13.25      0.50 
  38940     13.23      0.50 
  39000     13.86      0.52 
  39060     14.39      0.53 
  39120     13.44      0.51 
  39180     14.02      0.52 
  39240     13.92      0.52 
  39300     13.03      0.50 
  39360     14.16      0.52 
  39420     13.62      0.51 
  39480     13.75      0.52 
  39540     12.87      0.50 
  39600     13.04      0.50 
  39660     13.72      0.52 
  39720     12.93      0.50 
  39780     12.23      0.49 
  39840     13.20      0.50 
  39900     13.53      0.51 
  39960     12.83      0.50 
  40020     13.24      0.50 
  40080     12.02      0.48 
  40140     12.92      0.50 
  40200     13.34      0.51 
  40260     13.20      0.50 
  40320     12.23      0.49 
  40380     13.20      0.50 
  40440     13.02      0.50 
  40500     13.37      0.51 
  40560     12.86      0.50 
  40620     13.12      0.50 
  40679     12.60      0.49 
  40740     12.52      0.49 
  40800     12.17      0.48 
  40860     12.77      0.50 
  40920     13.43      0.51 
  40980     14.17      0.52 
  41040     12.65      0.49 
  41100     13.73      0.51 
  41160     12.73      0.50 
  41220     11.93      0.48 
  41280     12.58      0.49 
  41339     12.80      0.50 
  41400     13.55      0.51 
  41460     13.47      0.51 
  41519     13.82      0.52 
  41580     13.19      0.50 
  41640     12.91      0.50 
  41700     13.51      0.51 
  41760     13.88      0.52 
  41820     13.64      0.51 
  41880     12.56      0.49 
  41940     13.39      0.51 
  42000     12.95      0.50 
  42060     12.90      0.50 
  42120     13.53      0.51 
  42180     12.61      0.49 
  42239     13.12      0.50 
  42299     14.23      0.52 
  42360     12.95      0.50 
  42420     13.34      0.51 
  42480     12.67      0.49 
  42540     13.20      0.50 
  42600     12.15      0.48 
  42660     13.23      0.50 
  42720     13.72      0.51 
  42780     13.14      0.50 
  42840     13.87      0.52 
  42900     12.32      0.49 
  42960     12.93      0.50 
  43020     13.05      0.50 
  43080     14.03      0.52 
  43140     12.91      0.50 
  43200     12.50      0.49 
  43260     12.58      0.49 
  43320     12.94      0.50 
  43380     13.61      0.51 
  43440     12.96      0.50 
  43499     13.49      0.51 
  43560     12.64      0.49 
  43620     13.89      0.52 
  43680     13.06      0.50 
  43740     12.42      0.49 
  43800     12.76      0.50 
  43860     12.83      0.50 
  43920     13.23      0.50 
  43980     13.12      0.50 
  44040     13.38      0.51 
  44100     12.96      0.50 
  44160     12.79      0.50 
  44220     12.23      0.49 
  44280     12.45      0.49 
  44339     12.54      0.49 
  44400     13.49      0.51 
  44460     13.16      0.50 
  44520     12.63      0.49 
  44580     12.56      0.49 
  44640     12.72      0.50 
  44700     13.60      0.51 
  44760     12.74      0.50 
  44820     13.78      0.52 
  44880     13.59      0.51 
  44940     13.19      0.50 
  45000     13.24      0.51 
  45060     12.64      0.49 
  45119     13.35      0.51 
  45180     12.95      0.50 
  45239     12.71      0.49 
  45300     13.55      0.51 
  45360     14.01      0.52 
  45420     13.00      0.50 
  45480     13.68      0.51 
  45540     14.31      0.52 
  45600     13.18      0.50 
  45660     14.50      0.53 
  45720     14.36      0.53 
  45780     14.60      0.53 
  45840     14.58      0.53 
  45900     14.50      0.53 
  45960     13.63      0.51 
  46019     14.96      0.54 
  46080     13.97      0.52 
  46140     14.97      0.54 
  46200     15.05      0.54 
  46260     15.51      0.55 
  46320     14.31      0.52 
  46380     14.28      0.52 
  46440     14.76      0.53 
  46500     14.99      0.54 
  46560     15.51      0.55 
  46620     15.14      0.54 
  46680     14.33      0.52 
  46739     14.48      0.53 
  46800     13.80      0.51 
  46860     13.92      0.52 
  46920     14.75      0.53 
  46980     15.36      0.54 
  47040     14.40      0.53 
  47100     15.35      0.54 
  47160     15.14      0.54 
  47220     14.44      0.53 
  47280     14.70      0.53 
  47340     14.76      0.53 
  47400     14.91      0.54 
  47460     16.12      0.56 
  47520     14.69      0.53 
  47580     15.16      0.54 
  47640     15.28      0.54 
  47700     14.95      0.54 
  47760     15.39      0.54 
  47820     14.88      0.54 
  47880     15.22      0.54 
  47939     14.99      0.54 
  48000     14.58      0.53 
  48060     15.73      0.55 
  48120     15.48      0.55 
  48180     15.71      0.55 
  48240     15.38      0.54 
  48300     15.23      0.54 
  48360     15.46      0.55 
  48420     16.05      0.56 
  48480     15.64      0.55 
  48540     15.42      0.55 
  48600     14.66      0.53 
  48660     15.41      0.54 
  48720     15.28      0.54 
  48780     15.53      0.55 
  48840     14.99      0.54 
  48900     14.27      0.52 
  48960     15.51      0.55 
  49019     15.20      0.54 
  49080     14.78      0.53 
  49140     15.32      0.54 
  49200     15.77      0.55 
  49260     15.39      0.54 
  49320     15.61      0.55 
  49380     16.16      1.03 
