#  Table mos_b80_05_0134520301.lc[1]  Wed 10:13:26 27-Nov-2013

#   TIME     RATE1    ERROR1 
#    s      count/s   count/s 
              
      0     16.58      0.50 
     80     16.84      0.49 
    160     16.93      0.49 
    240     16.72      0.49 
    320     16.41      0.49 
    400     16.61      0.49 
    480     16.15      0.48 
    559     16.72      0.49 
    640     16.58      0.49 
    719     17.11      0.50 
    800     17.22      0.50 
    880     17.42      0.50 
    959     16.62      0.49 
   1040     15.45      0.47 
   1120     16.20      0.48 
   1200     16.27      0.49 
   1280     16.83      0.49 
   1360     16.56      0.49 
   1440     16.54      0.49 
   1520     16.52      0.49 
   1600     17.17      0.50 
   1680     16.65      0.49 
   1760     16.50      0.49 
   1840     17.45      0.50 
   1920     16.80      0.49 
   2000     17.17      0.50 
   2080     16.31      0.49 
   2160     17.39      0.50 
   2240     17.61      0.50 
   2320     17.12      0.50 
   2400     17.72      0.51 
   2480     17.72      0.51 
   2560     17.52      0.50 
   2640     16.36      0.49 
   2720     17.57      0.50 
   2800     17.05      0.50 
   2880     16.84      0.49 
   2960     17.09      0.50 
   3040     18.16      0.51 
   3120     17.41      0.50 
   3200     18.57      0.52 
   3280     18.26      0.51 
   3360     17.78      0.51 
   3440     17.31      0.50 
   3520     17.65      0.51 
   3600     17.66      0.51 
   3680     17.56      0.50 
   3760     18.07      0.51 
   3840     17.19      0.50 
   3920     17.65      0.50 
   4000     16.77      0.49 
   4080     17.20      0.50 
   4160     17.53      0.50 
   4240     17.96      0.51 
   4320     17.74      0.51 
   4400     16.93      0.49 
   4480     18.22      0.51 
   4560     18.15      0.51 
   4640     17.67      0.51 
   4720     16.84      0.49 
   4800     17.89      0.51 
   4880     18.04      0.51 
   4960     17.63      0.50 
   5040     17.61      0.50 
   5120     17.37      0.50 
   5200     17.80      0.51 
   5279     17.93      0.51 
   5360     17.67      0.50 
   5439     17.57      0.50 
   5520     17.60      0.50 
   5599     17.80      0.51 
   5679     18.27      0.51 
   5759     16.98      0.50 
   5839     18.70      0.52 
   5919     18.23      0.51 
   6000     18.56      0.52 
   6079     17.71      0.51 
   6159     18.73      0.52 
   6239     18.10      0.51 
   6320     17.16      0.50 
   6400     17.80      0.51 
   6479     18.11      0.51 
   6559     18.36      0.51 
   6640     18.07      0.51 
   6720     17.33      0.50 
   6799     17.77      0.51 
   6879     18.67      0.52 
   6959     17.99      0.51 
   7040     18.03      0.51 
   7119     18.01      0.51 
   7199     17.46      0.50 
   7279     17.29      0.50 
   7359     17.72      0.51 
   7439     17.59      0.50 
   7520     18.19      0.52 
   7600     18.62      0.52 
   7680     17.74      0.51 
   7760     17.77      0.51 
   7840     18.32      0.51 
   7920     18.14      0.51 
   8000     17.37      0.50 
   8080     17.15      0.50 
   8160     17.17      0.50 
   8240     17.51      0.50 
   8320     17.20      0.50 
   8400     17.63      0.50 
   8480     17.96      0.51 
   8559     17.72      0.51 
   8640     17.73      0.51 
   8720     18.20      0.51 
   8800     17.64      0.50 
   8879     17.63      0.50 
   8959     17.31      0.50 
   9040     17.48      0.51 
   9120     17.60      0.50 
   9199     17.79      0.51 
   9279     18.53      0.52 
   9359     18.13      0.51 
   9440     17.83      0.51 
   9519     17.47      0.50 
   9599     17.16      0.50 
   9679     17.11      0.50 
   9759     18.48      0.52 
   9839     16.71      0.49 
   9919     16.88      0.49 
  10000     17.97      0.51 
  10080     18.37      0.51 
  10160     17.29      0.50 
  10240     16.89      0.49 
  10320     16.71      0.49 
  10400     17.59      0.50 
  10480     17.82      0.51 
  10560     17.00      0.50 
  10640     17.43      0.50 
  10720     17.29      0.50 
  10800     18.19      0.51 
  10880     17.73      0.51 
  10960     17.54      0.50 
  11040     17.31      0.50 
  11120     17.54      0.50 
  11200     16.61      0.49 
  11280     17.24      0.50 
  11360     18.39      0.52 
  11440     17.55      0.50 
  11520     18.10      0.51 
  11600     17.69      0.51 
  11680     18.22      0.51 
  11760     17.72      0.51 
  11840     17.51      0.50 
  11920     17.70      0.51 
  12000     16.72      0.49 
  12080     17.79      0.51 
  12160     17.61      0.50 
  12240     17.79      0.51 
  12320     18.06      0.51 
  12400     17.67      0.51 
  12480     17.28      0.50 
  12560     17.58      0.50 
  12640     17.29      0.50 
  12720     17.40      0.50 
  12800     17.34      0.50 
  12880     17.27      0.50 
  12960     17.77      0.51 
  13040     16.49      0.49 
  13120     17.70      0.51 
  13200     17.10      0.50 
  13280     18.06      0.51 
  13360     17.36      0.50 
  13440     16.52      0.49 
  13520     16.67      0.49 
  13600     17.75      0.51 
  13680     17.42      0.50 
  13760     17.45      0.50 
  13840     17.63      0.50 
  13920     17.47      0.50 
  14000     16.99      0.50 
  14080     17.99      0.51 
  14160     16.91      0.49 
  14240     17.18      0.50 
  14320     17.52      0.50 
  14400     17.14      0.50 
  14480     17.25      0.50 
  14560     17.04      0.50 
  14640     17.76      0.51 
  14720     17.35      0.50 
  14800     16.71      0.49 
  14880     16.55      0.49 
  14960     17.42      0.50 
  15040     16.44      0.49 
  15120     17.30      0.50 
  15200     17.14      0.50 
  15280     17.28      0.50 
  15360     16.62      0.49 
  15440     17.30      0.50 
  15520     16.34      0.49 
  15600     14.48      0.47 
  15680     16.86      0.49 
  15760     16.44      0.49 
  15840     16.77      0.49 
  15920     17.11      0.50 
  16000     16.77      0.49 
  16080     16.93      0.49 
  16160     17.18      0.50 
  16240     16.25      0.48 
  16320     16.93      0.49 
  16400     16.35      0.49 
  16480     15.68      0.48 
  16560     16.16      0.48 
  16640     16.20      0.48 
  16720     16.25      0.49 
  16800     17.07      0.50 
  16880     16.71      0.49 
  16960     16.11      0.48 
  17040     16.30      0.49 
  17120     16.62      0.49 
  17200     16.65      0.49 
  17280     16.93      0.49 
  17360     15.70      0.48 
  17440     15.51      0.47 
  17520     16.80      0.49 
  17600     16.01      0.48 
  17680     16.09      0.48 
  17760     16.20      0.48 
  17840     16.43      0.49 
  17920     15.42      0.47 
  18000     16.58      0.49 
  18080     15.16      0.47 
  18160     15.36      0.47 
  18240     15.23      0.47 
  18320     15.32      0.47 
  18400     15.47      0.47 
  18480     15.95      0.48 
  18560     15.88      0.48 
  18640     15.57      0.47 
  18720     14.99      0.47 
  18800     15.46      0.47 
  18880     15.74      0.48 
  18960     16.50      0.49 
  19040     15.41      0.47 
  19120     15.93      0.48 
  19200     15.98      0.48 
  19280     15.60      0.47 
  19360     16.25      0.48 
  19440     15.57      0.47 
  19520     16.02      0.48 
  19600     15.69      0.48 
  19680     15.79      0.48 
  19760     15.48      0.47 
  19840     15.86      0.48 
  19920     15.76      0.48 
  20000     15.39      0.47 
  20080     15.74      0.48 
  20160     15.72      0.48 
  20240     15.53      0.47 
  20320     15.35      0.47 
  20400     16.08      0.48 
  20480     14.81      0.46 
  20560     14.76      0.46 
  20640     15.31      0.47 
  20720     15.77      0.48 
  20800     15.97      0.48 
  20880     15.41      0.47 
  20960     15.18      0.47 
  21040     15.09      0.47 
  21120     14.99      0.46 
  21200     15.59      0.47 
  21280     15.11      0.47 
  21360     14.73      0.46 
  21440     15.46      0.47 
  21520     15.49      0.47 
  21600     14.37      0.46 
  21680     15.35      0.47 
  21760     15.72      0.48 
  21840     15.51      0.47 
  21920     15.54      0.47 
  22000     15.25      0.47 
  22080     15.01      0.47 
  22160     15.20      0.47 
  22240     15.66      0.48 
  22320     15.68      0.48 
  22400     15.24      0.47 
  22480     15.40      0.47 
  22560     15.70      0.48 
  22640     14.91      0.46 
  22720     15.08      0.47 
  22800     15.10      0.47 
  22880     15.17      0.47 
  22960     14.96      0.46 
  23040     14.71      0.46 
  23120     15.46      0.47 
  23200     15.97      0.48 
  23280     15.73      0.48 
  23360     14.88      0.46 
  23440     14.54      0.46 
  23520     15.30      0.47 
  23600     14.89      0.46 
  23680     14.52      0.46 
  23760     15.31      0.47 
  23840     16.94      0.49 
  23920     17.53      0.50 
  24000     17.42      0.50 
  24080     17.57      0.50 
  24160     17.36      0.50 
  24240     16.94      0.49 
  24320     17.03      0.50 
  24400     16.63      0.49 
  24480     16.21      0.48 
  24560     17.00      0.50 
  24640     16.75      0.49 
  24720     15.70      0.48 
  24800     15.71      0.48 
  24880     15.90      0.48 
  24960     16.42      0.49 
  25040     15.79      0.48 
  25120     15.97      0.48 
  25200     15.36      0.47 
  25280     15.70      0.48 
  25360     14.13      0.45 
  25440     15.49      0.47 
  25520     15.58      0.47 
  25600     15.76      0.48 
  25680     15.67      0.48 
  25760     16.00      0.48 
  25840     15.41      0.47 
  25920     14.71      0.46 
  26000     14.75      0.46 
  26080     14.92      0.46 
  26160     14.77      0.46 
  26240     15.94      0.48 
  26320     15.37      0.47 
  26400     15.74      0.48 
  26480     14.34      0.45 
  26560     15.07      0.47 
  26640     14.80      0.46 
  26720     15.32      0.47 
  26800     15.49      0.47 
  26880     15.94      0.48 
  26960     14.90      0.46 
  27040     14.81      0.46 
  27120     14.82      0.46 
  27200     15.51      0.47 
  27280     14.95      0.46 
  27360     15.59      0.47 
  27440     14.70      0.46 
  27520     14.48      0.46 
  27600     14.89      0.46 
  27680     14.89      0.46 
  27760     14.98      0.46 
  27840     14.52      0.46 
  27920     14.58      0.46 
  28000     14.88      0.46 
  28080     14.46      0.46 
  28160     15.05      0.47 
  28240     14.75      0.46 
  28320     14.54      0.46 
  28400     14.35      0.46 
  28480     14.38      0.46 
  28560     14.65      0.46 
  28640     14.28      0.45 
  28720     15.17      0.47 
  28800     13.82      0.45 
  28880     14.42      0.46 
  28960     14.35      0.46 
  29040     13.97      0.45 
  29120     14.06      0.45 
  29200     14.46      0.46 
  29280     13.78      0.45 
  29360     13.97      0.45 
  29440     14.17      0.45 
  29520     13.60      0.44 
  29600     14.00      0.45 
  29680     14.63      0.46 
  29760     13.28      0.44 
  29839     14.38      0.46 
  29920     14.03      0.45 
  30000     13.57      0.44 
  30080     13.11      0.43 
  30160     14.21      0.45 
  30240     12.84      0.43 
  30320     13.63      0.44 
  30400     14.43      0.46 
  30480     13.94      0.45 
  30560     13.42      0.45 
  30640     13.53      0.44 
  30720     14.34      0.46 
  30800     14.37      0.46 
  30880     14.01      0.45 
  30960     13.65      0.45 
  31040     13.66      0.45 
  31120     13.40      0.44 
  31200     13.34      0.44 
  31280     13.21      0.44 
  31360     13.68      0.44 
  31440     13.29      0.44 
  31520     13.64      0.45 
  31600     13.95      0.45 
  31680     13.61      0.44 
  31760     13.90      0.45 
  31840     13.28      0.44 
  31920     13.11      0.44 
  32000     13.56      0.44 
  32080     13.45      0.44 
  32160     13.97      0.45 
  32239     13.27      0.44 
  32320     13.19      0.44 
  32400     13.45      0.44 
  32480     13.61      0.44 
  32560     14.15      0.45 
  32640     14.19      0.45 
  32720     12.83      0.43 
  32800     12.48      0.42 
  32880     13.38      0.44 
  32960     13.03      0.43 
  33040     13.17      0.44 
  33120     12.98      0.43 
  33200     12.89      0.43 
  33280     14.39      0.46 
  33360     13.21      0.44 
  33440     13.19      0.44 
  33519     12.85      0.43 
  33600     14.03      0.45 
  33680     13.66      0.44 
  33760     13.97      0.45 
  33839     13.63      0.44 
  33920     12.85      0.43 
  34000     12.96      0.43 
  34080     13.13      0.44 
  34160     13.34      0.44 
  34239     13.05      0.43 
  34320     13.87      0.45 
  34400     12.82      0.43 
  34480     12.80      0.43 
  34560     13.19      0.44 
  34640     12.98      0.43 
  34720     13.24      0.44 
  34800     13.25      0.44 
  34880     13.47      0.44 
  34960     12.43      0.42 
  35040     13.32      0.44 
  35120     12.38      0.42 
  35200     13.81      0.45 
  35280     12.82      0.43 
  35360     13.68      0.44 
  35439     13.01      0.43 
  35520     13.46      0.44 
  35600     13.49      0.44 
  35680     13.87      0.45 
  35760     13.64      0.44 
  35839     13.99      0.45 
  35920     13.01      0.43 
  36000     13.41      0.44 
  36080     13.15      0.44 
  36160     13.53      0.44 
  36239     13.10      0.43 
  36320     13.97      0.45 
  36400     13.78      0.45 
  36480     13.52      0.44 
  36560     13.13      0.44 
  36640     13.04      0.43 
  36720     13.65      0.44 
  36800     13.54      0.44 
  36880     13.82      0.45 
  36960     13.25      0.44 
  37040     13.65      0.44 
  37120     13.15      0.44 
  37200     12.66      0.43 
  37280     13.41      0.44 
  37360     13.62      0.44 
  37440     13.16      0.44 
  37520     13.43      0.44 
  37600     12.86      0.43 
  37680     13.37      0.44 
  37760     14.31      0.45 
  37840     13.50      0.44 
  37920     13.14      0.44 
  38000     13.60      0.44 
  38080     13.87      0.45 
  38160     13.82      0.45 
  38240     14.37      0.46 
  38320     14.55      0.46 
  38400     14.21      0.45 
  38480     14.70      0.46 
  38560     14.36      0.46 
  38640     14.18      0.45 
  38720     13.18      0.44 
  38800     14.08      0.45 
  38880     12.93      0.43 
  38960     13.60      0.44 
  39040     14.52      0.46 
  39120     13.27      0.44 
  39200     14.61      0.46 
  39280     12.93      0.43 
  39360     14.19      0.45 
  39440     13.56      0.44 
  39519     13.05      0.43 
  39600     13.11      0.44 
  39680     13.48      0.44 
  39760     12.35      0.42 
  39840     13.23      0.44 
  39920     13.38      0.44 
  40000     12.99      0.43 
  40080     12.58      0.43 
  40160     12.81      0.43 
  40239     13.22      0.44 
  40320     12.37      0.42 
  40400     13.11      0.44 
  40480     13.38      0.44 
  40560     13.05      0.43 
  40640     12.65      0.43 
  40720     12.63      0.43 
  40800     12.36      0.42 
  40880     13.20      0.44 
  40960     13.84      0.45 
  41040     12.65      0.43 
  41120     13.54      0.44 
  41200     12.10      0.42 
  41280     12.42      0.42 
  41360     13.28      0.44 
  41440     13.59      0.44 
  41519     13.88      0.45 
  41600     13.02      0.43 
  41680     13.16      0.44 
  41760     13.57      0.44 
  41839     13.20      0.44 
  41920     13.34      0.44 
  42000     12.63      0.43 
  42080     13.71      0.45 
  42160     12.66      0.43 
  42239     13.54      0.44 
  42320     13.59      0.44 
  42400     13.09      0.43 
  42480     12.81      0.43 
  42560     12.77      0.43 
  42640     12.86      0.43 
  42720     13.54      0.44 
  42799     13.62      0.44 
  42880     12.63      0.43 
  42960     12.75      0.43 
  43040     13.49      0.44 
  43119     13.46      0.44 
  43200     12.56      0.43 
  43280     12.61      0.43 
  43360     13.56      0.44 
  43440     12.81      0.43 
  43519     13.43      0.44 
  43600     13.50      0.44 
  43680     13.10      0.43 
  43760     12.43      0.42 
  43840     12.77      0.43 
  43920     13.11      0.43 
  44000     13.15      0.44 
  44080     13.27      0.44 
  44160     12.43      0.42 
  44240     12.67      0.43 
  44320     12.39      0.42 
  44400     13.50      0.44 
  44480     13.18      0.44 
  44560     12.20      0.42 
  44640     12.63      0.43 
  44719     13.70      0.44 
  44800     13.30      0.44 
  44880     13.52      0.44 
  44960     13.30      0.44 
  45040     12.68      0.43 
  45119     13.19      0.44 
  45200     12.85      0.43 
  45280     13.38      0.44 
  45360     13.82      0.45 
  45440     12.98      0.43 
  45519     14.44      0.46 
  45600     13.57      0.44 
  45680     14.29      0.45 
  45760     14.62      0.46 
  45840     14.66      0.46 
  45920     14.04      0.45 
  46000     14.56      0.46 
  46080     13.96      0.45 
  46160     15.07      0.47 
  46240     15.60      0.47 
  46320     14.23      0.45 
  46400     14.56      0.46 
  46480     14.96      0.46 
  46560     15.52      0.47 
  46640     14.68      0.46 
  46720     14.39      0.46 
  46800     13.68      0.44 
  46880     14.46      0.46 
  46960     15.22      0.47 
  47040     14.64      0.46 
  47120     14.95      0.46 
  47200     14.91      0.46 
  47280     14.77      0.46 
  47360     14.71      0.46 
  47440     15.88      0.48 
  47520     14.94      0.46 
  47600     15.15      0.47 
  47680     14.97      0.47 
  47760     15.05      0.47 
  47840     15.46      0.47 
  47920     14.85      0.46 
  48000     14.87      0.46 
  48080     15.64      0.48 
  48160     15.60      0.47 
  48240     15.78      0.48 
  48320     14.98      0.46 
  48400     15.84      0.48 
  48480     15.52      0.47 
  48560     14.94      0.46 
  48640     15.40      0.47 
  48720     15.03      0.47 
  48800     15.56      0.47 
  48880     14.45      0.46 
  48960     15.55      0.47 
  49040     14.69      0.46 
  49120     15.37      0.47 
  49200     15.80      0.48 
  49280     15.47      0.47 
  49360     15.69      0.70 
