#  Table rgs12o12_b60_23_0412580101.lc[1]  Wed 15:45:38 27-Nov-2013

#   TIME     RATE1    ERROR1 
#    s      count/s   count/s 
              
      0     3.40      0.26 
     60     4.22      0.27 
    120     3.66      0.25 
    180     3.87      0.27 
    240     3.47      0.25 
    300     4.09      0.27 
    360     3.72      0.26 
    420     3.57      0.25 
    480     3.55      0.26 
    540     3.40      0.25 
    600     3.60      0.25 
    659     3.44      0.25 
    719     3.74      0.26 
    780     4.07      0.27 
    840     4.04      0.27 
    900     4.12      0.27 
    959     3.82      0.26 
   1020     3.95      0.27 
   1080     3.28      0.24 
   1140     3.63      0.25 
   1200     4.05      0.27 
   1260     3.77      0.26 
   1320     3.96      0.26 
   1380     3.85      0.26 
   1440     3.78      0.26 
   1500     3.18      0.24 
   1560     3.76      0.26 
   1620     3.16      0.24 
   1680     3.74      0.26 
   1740     3.69      0.26 
   1800     3.83      0.26 
   1860     3.58      0.25 
   1920     3.61      0.25 
   1980     3.82      0.26 
   2040     3.91      0.26 
   2100     3.70      0.26 
   2160     3.08      0.24 
   2220     3.91      0.26 
   2280     3.76      0.26 
   2340     3.56      0.25 
   2400     3.64      0.25 
   2460     3.44      0.25 
   2520     3.82      0.26 
   2580     3.43      0.25 
   2640     4.01      0.27 
   2700     3.47      0.25 
   2760     3.73      0.26 
   2820     4.25      0.27 
   2880     3.85      0.27 
   2940     3.48      0.25 
   3000     3.63      0.26 
   3060     3.54      0.25 
   3120     3.94      0.27 
   3180     4.03      0.27 
   3240     3.80      0.26 
   3300     3.35      0.25 
   3360     3.74      0.26 
   3420     3.83      0.26 
   3480     3.60      0.26 
   3540     4.52      0.28 
   3600     3.65      0.26 
   3660     3.81      0.26 
   3720     4.42      0.28 
   3780     3.41      0.26 
   3840     3.42      0.25 
   3900     3.92      0.26 
   3960     3.70      0.26 
   4020     3.84      0.27 
   4080     3.68      0.26 
   4140     3.81      0.26 
   4200     3.81      0.26 
   4260     3.56      0.25 
   4320     3.50      0.25 
   4380     3.60      0.26 
   4440     3.54      0.25 
   4500     3.42      0.25 
   4560     3.73      0.26 
   4620     3.53      0.26 
   4680     3.52      0.25 
   4740     3.15      0.24 
   4800     3.10      0.25 
   4860     3.13      0.24 
   4920     3.52      0.26 
   4979     3.36      0.25 
   5040     3.50      0.26 
   5100     3.53      0.25 
   5160     3.30      0.24 
   5220     2.84      0.23 
   5279     3.11      0.24 
   5340     3.28      0.24 
   5400     3.53      0.25 
   5460     3.01      0.23 
   5520     3.34      0.24 
   5580     3.43      0.25 
   5639     3.23      0.24 
   5700     3.06      0.23 
   5759     3.63      0.26 
   5820     2.98      0.23 
   5879     3.76      0.26 
   5939     3.07      0.24 
   6000     3.18      0.24 
   6060     3.16      0.24 
   6119     3.24      0.24 
   6179     3.43      0.25 
   6239     3.48      0.25 
   6300     3.54      0.28 
   6360     2.90      0.24 
   6420     3.69      0.26 
   6479     3.27      0.25 
   6540     3.35      0.25 
   6599     3.57      0.25 
   6659     3.10      0.24 
   6720     3.41      0.25 
   6779     3.35      0.24 
   6840     3.55      0.25 
   6900     3.17      0.24 
   6959     3.40      0.25 
   7020     4.06      0.27 
   7079     3.74      0.26 
   7140     3.11      0.24 
   7199     3.48      0.25 
   7259     3.06      0.24 
   7319     4.01      0.26 
   7379     3.08      0.24 
   7439     3.41      0.25 
   7500     3.21      0.24 
   7560     2.95      0.23 
   7620     3.41      0.25 
   7680     3.17      0.24 
   7740     3.19      0.25 
   7800     2.98      0.24 
   7859     3.65      0.25 
   7920     3.79      0.26 
   7979     3.23      0.25 
   8040     4.07      0.27 
   8099     3.34      0.25 
   8160     3.23      0.25 
   8220     3.49      0.25 
   8279     3.58      0.25 
   8339     3.42      0.25 
   8400     3.19      0.24 
   8459     3.40      0.25 
   8519     3.25      0.24 
   8579     3.46      0.25 
   8640     3.17      0.24 
   8699     3.10      0.24 
   8760     3.69      0.25 
   8820     3.01      0.24 
   8879     3.51      0.25 
   8940     3.21      0.25 
   9000     3.22      0.24 
   9059     3.14      0.24 
   9120     3.06      0.24 
   9179     3.16      0.23 
   9240     3.07      0.24 
   9300     3.54      0.25 
   9359     3.02      0.23 
   9419     3.37      0.25 
   9480     3.10      0.23 
   9540     3.43      0.25 
   9599     3.37      0.25 
   9659     3.34      0.24 
   9720     3.41      0.25 
   9779     2.83      0.22 
   9839     3.05      0.24 
   9899     3.42      0.25 
   9959     3.04      0.23 
  10020     3.10      0.24 
  10080     3.41      0.25 
  10140     3.13      0.24 
  10200     3.16      0.24 
  10260     3.05      0.24 
  10320     3.22      0.24 
  10380     3.12      0.24 
  10440     2.80      0.23 
  10500     3.16      0.24 
  10560     2.80      0.23 
  10620     3.20      0.24 
  10680     3.46      0.25 
  10740     3.14      0.24 
  10800     2.86      0.23 
  10860     2.96      0.23 
  10920     3.10      0.24 
  10980     2.87      0.23 
  11040     2.57      0.22 
  11100     2.90      0.22 
  11160     3.24      0.24 
  11220     3.26      0.24 
  11280     2.97      0.23 
  11340     2.70      0.23 
  11400     3.27      0.24 
  11460     2.72      0.23 
  11520     2.83      0.23 
  11580     3.01      0.23 
  11640     2.46      0.22 
  11700     2.78      0.23 
  11760     3.12      0.24 
  11820     2.78      0.23 
  11880     2.62      0.22 
  11940     3.28      0.24 
  12000     2.58      0.22 
  12060     2.82      0.23 
  12120     2.65      0.22 
  12180     3.02      0.23 
  12240     2.88      0.23 
  12300     3.26      0.24 
  12360     2.86      0.23 
  12420     2.84      0.23 
  12480     2.47      0.22 
  12540     2.65      0.22 
  12600     2.45      0.21 
  12660     2.78      0.23 
  12720     2.68      0.22 
  12780     2.82      0.22 
  12840     2.55      0.22 
  12900     3.26      0.24 
  12960     2.66      0.23 
  13020     2.66      0.22 
  13080     2.89      0.23 
  13140     2.95      0.23 
  13200     2.80      0.22 
  13260     2.82      0.23 
  13320     3.14      0.24 
  13380     2.83      0.23 
  13440     2.83      0.23 
  13500     2.95      0.23 
  13560     2.65      0.22 
  13620     2.91      0.23 
  13680     2.69      0.22 
  13740     2.42      0.21 
  13800     2.47      0.21 
  13860     2.44      0.21 
  13920     2.75      0.22 
  13980     2.17      0.20 
  14040     2.82      0.23 
  14100     2.79      0.23 
  14160     2.70      0.22 
  14220     2.82      0.23 
  14280     2.81      0.23 
  14340     2.75      0.23 
  14400     2.79      0.22 
  14460     2.72      0.22 
  14520     2.56      0.22 
  14580     2.75      0.23 
  14640     2.97      0.23 
  14700     2.79      0.23 
  14760     2.84      0.23 
  14820     3.04      0.24 
  14880     2.77      0.23 
  14940     3.02      0.23 
  15000     2.84      0.23 
  15060     2.70      0.22 
  15120     2.75      0.22 
  15180     2.72      0.22 
  15240     2.76      0.22 
  15300     2.74      0.22 
  15360     2.82      0.22 
  15420     2.61      0.22 
  15480     2.78      0.23 
  15540     2.74      0.22 
  15600     2.93      0.23 
  15660     2.78      0.22 
  15720     3.04      0.23 
  15780     2.85      0.23 
  15840     2.57      0.22 
  15900     2.88      0.23 
  15960     2.68      0.22 
  16020     3.12      0.23 
  16080     2.74      0.22 
  16140     2.50      0.22 
  16200     2.70      0.22 
  16260     2.68      0.22 
  16320     2.82      0.23 
  16380     3.24      0.24 
  16440     2.74      0.22 
  16500     2.98      0.23 
  16560     2.84      0.23 
  16620     2.82      0.22 
  16680     3.32      0.24 
  16740     3.12      0.24 
  16800     2.63      0.22 
  16860     2.82      0.23 
  16920     2.64      0.22 
  16980     3.13      0.23 
  17040     2.75      0.22 
  17100     2.43      0.21 
  17160     2.51      0.21 
  17220     2.92      0.23 
  17280     2.88      0.22 
  17340     3.24      0.24 
  17400     2.62      0.22 
  17460     2.88      0.23 
  17520     2.53      0.22 
  17580     3.21      0.24 
  17640     2.79      0.22 
  17700     2.83      0.23 
  17760     2.82      0.23 
  17820     2.94      0.23 
  17880     3.12      0.24 
  17940     2.75      0.22 
  18000     2.64      0.22 
  18060     2.40      0.21 
  18120     2.61      0.21 
  18180     2.73      0.22 
  18240     2.56      0.21 
  18300     2.28      0.20 
  18360     2.75      0.22 
  18420     2.26      0.22 
  18480     2.85      0.22 
  18540     2.28      0.21 
  18600     2.32      0.21 
  18660     2.74      0.22 
  18720     3.00      0.23 
  18780     2.85      0.23 
  18840     2.43      0.21 
  18900     2.85      0.23 
  18960     3.11      0.23 
  19020     2.94      0.23 
  19080     2.33      0.21 
  19140     2.33      0.21 
  19200     2.88      0.23 
  19260     3.32      0.25 
  19320     2.70      0.22 
  19380     3.11      0.24 
  19440     2.41      0.21 
  19500     2.71      0.22 
  19560     2.85      0.23 
  19620     2.75      0.22 
  19680     2.83      0.23 
  19740     2.82      0.22 
  19800     3.04      0.23 
  19860     2.71      0.22 
  19920     2.63      0.22 
  19980     2.74      0.22 
  20040     2.78      0.23 
  20100     2.50      0.23 
  20160     2.72      0.23 
  20220     2.44      0.23 
  20280     3.07      0.25 
  20340     2.79      0.25 
  20400     3.23      0.26 
  20460     2.42      0.23 
  20520     2.48      0.22 
  20580     2.59      0.22 
  20640     3.01      0.24 
  20700     2.54      0.22 
  20760     2.59      0.22 
  20820     2.54      0.22 
  20880     3.29      0.25 
  20940     2.79      0.23 
  21000     2.36      0.22 
  21060     2.78      0.23 
  21120     3.07      0.24 
  21180     2.68      0.23 
  21240     2.95      0.23 
  21300     2.71      0.23 
  21360     2.60      0.22 
  21420     2.90      0.23 
  21480     2.31      0.22 
  21540     2.49      0.22 
  21600     2.60      0.23 
  21660     2.53      0.22 
  21720     2.99      0.24 
  21780     2.56      0.23 
  21840     3.10      0.25 
  21900     2.78      0.23 
  21960     2.20      0.22 
  22020     2.52      0.22 
  22080     2.31      0.22 
  22140     2.27      0.22 
  22200     2.34      0.23 
  22260     2.65      0.23 
  22320     2.96      0.24 
  22380     2.69      0.23 
  22440     2.42      0.22 
  22500     2.87      0.24 
  22560     2.85      0.23 
  22620     2.56      0.23 
  22680     2.81      0.24 
  22740     2.45      0.22 
  22800     2.88      0.24 
  22860     2.98      0.24 
  22920     3.20      0.25 
  22980     3.18      0.25 
  23040     2.62      0.24 
  23100     2.55      0.23 
  23160     3.01      0.25 
  23220     2.59      0.23 
  23280     2.82      0.24 
  23340     2.62      0.23 
  23400     2.89      0.23 
  23460     2.80      0.23 
  23520     2.70      0.23 
  23580     2.63      0.22 
  23640     2.44      0.22 
  23700     2.78      0.23 
  23760     2.83      0.23 
  23820     2.42      0.22 
  23880     3.02      0.24 
  23940     2.59      0.22 
  24000     2.78      0.23 
  24060     2.89      0.24 
  24120     2.95      0.23 
  24180     2.47      0.22 
  24240     3.08      0.24 
  24300     2.89      0.23 
  24360     2.69      0.22 
  24420     2.65      0.22 
  24480     2.80      0.23 
  24540     3.01      0.23 
  24600     2.62      0.22 
  24660     2.64      0.22 
  24720     2.89      0.23 
  24780     2.80      0.23 
  24840     2.51      0.22 
  24900     2.64      0.23 
  24960     2.65      0.22 
  25020     2.94      0.23 
  25080     2.57      0.22 
  25140     2.75      0.23 
  25200     2.69      0.22 
  25260     2.82      0.23 
  25320     3.09      0.24 
  25380     2.61      0.22 
  25440     2.71      0.22 
  25500     2.58      0.22 
  25560     2.51      0.21 
  25620     2.68      0.23 
  25680     2.83      0.23 
  25740     2.53      0.22 
  25800     3.14      0.24 
  25860     2.53      0.21 
  25920     2.56      0.22 
  25980     2.77      0.23 
  26040     2.57      0.21 
  26100     2.44      0.21 
  26160     2.81      0.22 
  26220     2.35      0.21 
  26280     2.44      0.22 
  26340     2.80      0.23 
  26400     2.61      0.22 
  26460     2.35      0.22 
  26520     2.64      0.22 
  26580     2.60      0.22 
  26640     2.84      0.22 
  26700     2.53      0.21 
  26760     2.64      0.22 
  26820     2.83      0.23 
  26880     2.59      0.22 
  26940     2.62      0.22 
  27000     3.01      0.23 
  27060     2.53      0.22 
  27120     2.79      0.23 
  27180     2.23      0.21 
  27240     2.89      0.23 
  27300     2.90      0.24 
  27360     2.89      0.23 
  27420     3.11      0.24 
  27480     2.51      0.22 
  27540     2.79      0.23 
  27600     3.14      0.24 
  27660     2.77      0.22 
  27720     3.22      0.24 
  27780     2.87      0.23 
  27840     3.17      0.24 
  27900     3.06      0.24 
  27960     3.05      0.24 
  28020     3.05      0.24 
  28080     2.72      0.22 
  28140     2.62      0.22 
  28200     2.90      0.24 
  28260     2.52      0.22 
  28320     2.81      0.23 
  28380     2.65      0.22 
  28440     3.11      0.24 
  28500     2.84      0.25 
  28560     2.92      0.24 
  28620     2.60      0.23 
  28680     3.17      0.24 
  28740     2.84      0.23 
  28800     3.01      0.24 
  28860     2.94      0.23 
  28920     3.40      0.24 
  28980     2.90      0.23 
  29040     2.77      0.22 
  29100     2.90      0.23 
  29160     3.00      0.24 
  29220     2.74      0.23 
  29280     3.30      0.24 
  29340     2.92      0.23 
  29400     2.51      0.22 
  29460     2.88      0.24 
  29520     2.89      0.24 
  29580     2.71      0.23 
  29639     3.02      0.23 
  29700     3.00      0.24 
  29760     2.97      0.25 
  29820     2.93      0.24 
  29880     3.39      0.26 
  29940     2.89      0.24 
  30000     2.48      0.23 
  30060     2.46      0.23 
  30120     2.90      0.23 
  30180     3.06      0.24 
  30240     2.92      0.24 
  30300     2.80      0.23 
  30360     2.88      0.24 
  30420     3.02      0.24 
  30480     3.23      0.25 
  30540     2.86      0.23 
  30600     2.90      0.24 
  30660     2.97      0.25 
  30720     2.79      0.23 
  30780     3.15      0.25 
  30840     2.97      0.25 
  30900     2.89      0.24 
  30960     3.07      0.24 
  31020     3.22      0.25 
  31080     3.45      0.26 
  31140     3.40      0.26 
  31200     3.00      0.24 
  31260     3.29      0.25 
  31320     3.34      0.25 
  31380     3.09      0.25 
  31440     3.05      0.24 
  31500     3.42      0.26 
  31560     3.04      0.24 
  31620     3.72      0.26 
  31680     3.98      0.27 
  31740     2.91      0.24 
  31800     3.48      0.26 
  31860     3.72      0.27 
  31920     3.91      0.27 
  31980     3.68      0.26 
  32040     3.66      0.26 
  32100     4.33      0.28 
  32160     3.76      0.27 
  32220     3.51      0.26 
  32280     3.79      0.27 
  32340     3.81      0.27 
  32400     3.53      0.26 
  32460     3.61      0.26 
  32520     4.29      0.29 
  32580     4.19      0.28 
  32640     4.23      0.28 
  32700     4.19      0.28 
  32760     4.39      0.28 
  32820     3.98      0.28 
  32880     4.33      0.28 
  32940     3.91      0.27 
  33000     4.40      0.29 
  33060     4.25      0.28 
  33120     3.99      0.28 
  33180     4.51      0.29 
  33239     4.76      0.29 
  33300     4.52      0.28 
  33360     4.60      0.29 
  33420     4.72      0.29 
  33480     4.40      0.29 
  33540     4.73      0.29 
  33600     4.53      0.29 
  33660     4.50      0.29 
  33720     4.45      0.28 
  33780     4.57      0.29 
  33839     4.90      0.29 
  33900     4.72      0.29 
  33960     4.59      0.29 
  34020     4.74      0.30 
  34080     5.50      0.31 
  34140     4.86      0.30 
  34200     5.12      0.30 
  34260     5.01      0.31 
  34320     4.95      0.30 
  34380     5.55      0.31 
  34440     5.15      0.31 
  34500     5.32      0.31 
  34560     4.96      0.31 
  34620     5.47      0.32 
  34680     5.26      0.32 
  34739     5.56      0.32 
  34800     5.11      0.31 
  34860     5.34      0.32 
  34920     5.40      0.32 
  34980     5.20      0.32 
  35040     4.90      0.30 
  35100     5.40      0.32 
  35160     4.98      0.30 
  35220     5.44      0.32 
  35280     4.92      0.31 
  35340     4.91      0.31 
  35400     5.58      0.32 
  35460     5.21      0.31 
  35520     5.12      0.32 
  35580     5.88      0.33 
  35640     5.93      0.34 
  35700     5.53      0.33 
  35760     5.37      0.32 
  35820     5.45      0.32 
  35880     5.82      0.33 
  35940     5.82      0.33 
  36000     5.70      0.33 
  36060     5.82      0.33 
  36120     5.61      0.32 
  36180     5.71      0.33 
  36239     5.12      0.31 
  36300     5.77      0.33 
  36360     6.04      0.33 
  36420     5.75      0.33 
  36480     5.77      0.34 
  36540     5.85      0.34 
  36600     6.63      0.35 
  36660     5.87      0.33 
  36720     5.95      0.33 
  36780     6.27      0.35 
  36840     5.30      0.33 
  36900     5.56      0.38 
  36960     6.31      0.38 
  37020     5.82      0.36 
  37080     6.20      0.38 
  37140     6.74      0.39 
  37200     6.18      0.36 
  37260     6.69      0.42 
  37320     7.60      0.42 
  37380     7.38      0.43 
  37440     7.01      0.42 
  37500     6.89      0.39 
  37560     7.15      0.42 
  37620     6.87      0.40 
  37680     7.01      0.41 
  37740     6.72      0.42 
  37800     6.76      0.40 
  37860     7.10      0.40 
  37920     6.85      0.41 
  37980     6.66      0.41 
  38040     6.88      0.40 
  38100     6.59      0.40 
  38160     6.18      0.38 
  38220     6.89      0.38 
  38280     6.83      0.39 
  38340     6.95      0.40 
  38400     7.24      0.40 
  38460     7.05      0.39 
  38519     6.92      0.39 
  38580     6.82      0.38 
  38640     6.72      0.37 
  38700     6.57      0.37 
  38760     7.16      0.39 
  38820     7.24      0.39 
  38880     6.17      0.36 
  38940     6.66      0.38 
  39000     6.25      0.37 
  39060     6.88      0.38 
  39120     7.45      0.39 
  39180     6.39      0.37 
  39240     6.64      0.37 
  39300     6.13      0.36 
  39360     6.76      0.37 
  39420     6.49      0.38 
  39480     7.05      0.44 
  39540     7.24      0.53 
  39600     6.66      0.51 
  39660     6.65      0.47 
  39720     6.59      0.44 
  39780     5.40      0.45 
  39840     6.64      0.45 
  39900     6.54      0.45 
  39960     6.98      0.42 
  40020     6.34      0.41 
  40080     6.80      0.41 
  40140     6.21      0.42 
  40200     7.01      0.42 
  40260     6.36      0.40 
  40320     6.61      0.41 
  40380     6.53      0.40 
  40440     6.54      0.38 
  40500     6.54      0.40 
  40560     6.02      0.41 
  40620     6.70      0.40 
  40679     5.96      0.36 
  40740     6.47      0.37 
  40800     7.60      0.42 
  40860     7.42      0.41 
  40920     6.59      0.40 
  40980     6.20      0.39 
  41040     6.89      0.46 
  41100     6.12      0.44 
  41160     6.58      0.42 
  41220     6.69      0.43 
  41280     6.83      0.45 
  41339     6.04      0.46 
  41400     7.36      0.50 
  41460     7.26      0.48 
  41519     5.70      0.46 
  41580     6.93      0.48 
  41640     6.55      0.47 
  41700     7.22      0.49 
  41760     6.73      0.49 
  41820     7.49      0.48 
  41880     7.15      0.49 
  41940     6.68      0.50 
  42000     7.41      0.52 
  42060     7.14      0.53 
  42120     8.01      0.50 
  42180     8.01      0.49 
  42239     8.55      0.51 
  42299     7.72      0.51 
  42360     7.65      0.51 
  42420     8.17      0.51 
  42480     8.51      0.48 
  42540     9.04      0.48 
  42600     7.60      0.47 
  42660     8.05      0.46 
  42720     7.58      0.45 
  42780     7.39      0.45 
  42840     8.38      0.46 
  42900     8.63      0.47 
  42960     8.19      0.45 
  43020     8.64      0.45 
  43080     7.77      0.44 
  43140     9.13      0.45 
  43200     8.20      0.43 
  43260     8.58      0.51 
  43320     8.38      0.44 
  43380     8.14      0.44 
  43440     9.10      0.45 
  43499     8.92      0.44 
  43560     8.64      0.44 
  43620     8.44      0.44 
  43680     8.98      0.44 
  43740     8.86      0.44 
  43800     8.41      0.42 
  43860     8.20      0.43 
  43920     8.80      0.44 
  43980     8.03      0.41 
  44040     8.54      0.42 
  44100     8.23      0.43 
  44160     8.73      0.42 
  44220     7.87      0.41 
  44280     7.48      0.41 
  44339     7.89      0.42 
  44400     8.41      0.43 
  44460     8.77      0.43 
  44520     7.71      0.41 
  44580     8.89      0.44 
  44640     8.40      0.44 
  44700     8.68      0.42 
  44760     8.35      0.43 
  44820     8.68      0.42 
  44880     8.34      0.42 
  44940     5.18      0.61 
