#  Table rgs12o12_b60_14_0134522101.lc[1]  Wed 15:45:14 27-Nov-2013

#   TIME     RATE1    ERROR1 
#    s      count/s   count/s 
              
      0     6.17      0.33 
     60     6.26      0.33 
    120     6.70      0.34 
    180     6.35      0.34 
    240     6.65      0.34 
    300     6.41      0.34 
    360     6.85      0.35 
    420     5.91      0.32 
    480     7.10      0.35 
    540     7.93      0.37 
    600     6.73      0.34 
    659     7.09      0.35 
    719     6.91      0.35 
    780     7.05      0.35 
    840     6.46      0.34 
    900     6.63      0.34 
    959     6.90      0.35 
   1020     6.76      0.34 
   1080     7.43      0.36 
   1140     6.87      0.35 
   1200     7.20      0.36 
   1260     6.98      0.35 
   1320     7.50      0.36 
   1380     7.30      0.36 
   1440     7.04      0.35 
   1500     6.59      0.34 
   1560     7.08      0.35 
   1620     6.93      0.35 
   1680     7.09      0.35 
   1740     6.90      0.35 
   1800     7.27      0.36 
   1860     6.78      0.34 
   1920     6.81      0.35 
   1980     6.63      0.34 
   2040     7.09      0.35 
   2100     7.40      0.36 
   2160     6.22      0.33 
   2220     7.58      0.37 
   2280     6.77      0.34 
   2340     7.10      0.35 
   2400     6.35      0.33 
   2460     6.64      0.34 
   2520     6.17      0.33 
   2580     6.19      0.33 
   2640     6.25      0.33 
   2700     6.46      0.34 
   2760     6.63      0.34 
   2820     6.82      0.34 
   2880     6.01      0.33 
   2940     6.57      0.34 
   3000     5.96      0.32 
   3060     6.55      0.34 
   3120     6.24      0.33 
   3180     6.10      0.33 
   3240     6.73      0.34 
   3300     5.89      0.33 
   3360     5.99      0.32 
   3420     6.33      0.33 
   3480     6.25      0.33 
   3540     6.33      0.33 
   3600     5.41      0.31 
   3660     6.00      0.33 
   3720     5.86      0.32 
   3780     5.73      0.32 
   3840     5.25      0.31 
   3900     5.96      0.32 
   3960     5.70      0.32 
   4020     5.59      0.31 
   4080     5.55      0.31 
   4140     5.84      0.32 
   4200     5.85      0.32 
   4260     5.64      0.32 
   4320     5.36      0.31 
   4380     6.01      0.32 
   4440     5.83      0.32 
   4500     5.62      0.32 
   4560     6.03      0.33 
   4620     5.10      0.30 
   4680     6.00      0.33 
   4740     5.52      0.31 
   4800     6.08      0.33 
   4860     6.23      0.33 
   4920     6.82      0.34 
   4979     5.55      0.31 
   5040     5.54      0.31 
   5100     5.93      0.32 
   5160     5.51      0.31 
   5220     5.57      0.31 
   5279     6.09      0.32 
   5340     5.64      0.32 
   5400     5.54      0.31 
   5460     5.58      0.31 
   5520     5.65      0.32 
   5580     5.36      0.31 
   5639     5.36      0.31 
   5700     5.93      0.32 
   5759     5.72      0.32 
   5820     5.86      0.32 
   5879     5.43      0.32 
   5939     5.29      0.31 
   6000     5.77      0.32 
   6060     5.56      0.31 
   6119     5.60      0.31 
   6179     4.87      0.30 
   6239     5.70      0.32 
   6300     5.40      0.31 
   6360     5.36      0.31 
   6420     5.45      0.32 
   6479     5.17      0.30 
   6540     4.98      0.30 
   6599     5.37      0.31 
   6659     5.40      0.31 
   6720     4.92      0.29 
   6779     5.13      0.31 
   6840     5.54      0.31 
   6900     4.98      0.30 
   6959     4.74      0.29 
   7020     5.22      0.30 
   7079     5.09      0.30 
   7140     4.55      0.29 
   7199     4.93      0.29 
   7259     4.96      0.30 
   7319     4.70      0.29 
   7379     4.81      0.29 
   7439     4.88      0.29 
   7500     4.92      0.29 
   7560     5.00      0.30 
   7620     4.47      0.28 
   7680     4.33      0.28 
   7740     4.86      0.29 
   7800     4.35      0.28 
   7859     4.63      0.29 
   7920     4.29      0.27 
   7979     4.80      0.29 
   8040     4.59      0.29 
   8099     4.52      0.28 
   8160     4.91      0.29 
   8220     4.53      0.28 
   8279     4.46      0.28 
   8339     4.35      0.28 
   8400     3.96      0.27 
   8459     5.02      0.30 
   8519     4.50      0.28 
   8579     4.34      0.28 
   8640     4.43      0.28 
   8699     4.46      0.28 
   8760     5.18      0.30 
   8820     4.10      0.27 
   8879     4.09      0.27 
   8940     4.21      0.28 
   9000     4.62      0.28 
   9059     4.09      0.27 
   9120     4.68      0.29 
   9179     4.28      0.28 
   9240     4.05      0.27 
   9300     4.39      0.28 
   9359     4.13      0.27 
   9419     4.28      0.28 
   9480     4.00      0.27 
   9540     4.43      0.28 
   9599     3.97      0.27 
   9659     4.07      0.27 
   9720     4.22      0.27 
   9779     4.18      0.28 
   9839     4.86      0.29 
   9899     4.54      0.28 
   9959     3.78      0.26 
  10020     4.26      0.28 
  10080     4.28      0.28 
  10140     4.14      0.27 
  10200     3.91      0.27 
  10260     4.15      0.27 
  10320     3.60      0.26 
  10380     4.29      0.27 
  10440     4.29      0.27 
  10500     3.77      0.26 
  10560     3.54      0.25 
  10620     4.18      0.27 
  10680     3.86      0.26 
  10740     3.95      0.27 
  10800     3.96      0.27 
  10860     4.08      0.27 
  10920     4.40      0.28 
  10980     3.88      0.26 
  11040     4.00      0.27 
  11100     3.75      0.26 
  11160     4.11      0.27 
  11220     3.55      0.25 
  11280     4.01      0.27 
  11340     3.77      0.26 
  11400     3.99      0.26 
  11460     3.91      0.26 
  11520     4.23      0.27 
  11580     4.36      0.27 
  11640     3.93      0.27 
  11700     3.50      0.25 
  11760     3.25      0.25 
  11820     3.54      0.25 
  11880     3.97      0.26 
  11940     3.64      0.26 
  12000     3.85      0.27 
  12060     3.61      0.25 
  12120     3.73      0.26 
  12180     3.51      0.25 
  12240     3.91      0.27 
  12300     3.82      0.26 
  12360     4.01      0.27 
  12420     3.79      0.26 
  12480     3.72      0.26 
  12540     3.51      0.25 
  12600     3.60      0.26 
  12660     3.71      0.26 
  12720     3.99      0.27 
  12780     3.49      0.25 
  12840     3.46      0.25 
  12900     3.43      0.25 
  12960     4.12      0.27 
  13020     3.67      0.26 
  13080     2.99      0.23 
  13140     3.43      0.25 
  13200     3.38      0.24 
  13260     3.83      0.26 
  13320     3.26      0.25 
  13380     3.11      0.24 
  13440     3.90      0.26 
  13500     3.09      0.23 
  13560     3.59      0.25 
  13620     3.89      0.26 
  13680     3.34      0.24 
  13740     3.25      0.24 
  13800     3.37      0.25 
  13860     3.48      0.25 
  13920     2.83      0.22 
  13980     3.63      0.25 
  14040     3.47      0.25 
  14100     3.38      0.24 
  14160     3.28      0.24 
  14220     3.30      0.25 
  14280     3.11      0.24 
  14340     3.35      0.24 
  14400     3.54      0.25 
  14460     3.30      0.24 
  14520     2.73      0.22 
  14580     3.68      0.25 
  14640     3.35      0.24 
  14700     3.39      0.25 
  14760     3.39      0.24 
  14820     3.13      0.24 
  14880     3.36      0.25 
  14940     3.19      0.24 
  15000     3.02      0.23 
  15060     3.33      0.24 
  15120     3.26      0.24 
  15180     2.90      0.23 
  15240     3.39      0.24 
  15300     3.26      0.24 
  15360     2.85      0.22 
  15420     2.78      0.23 
  15480     2.98      0.23 
  15540     3.17      0.23 
  15600     2.93      0.23 
  15660     3.41      0.25 
  15720     2.89      0.23 
  15780     2.76      0.23 
  15840     3.03      0.24 
  15900     3.11      0.23 
  15960     2.60      0.21 
  16020     2.99      0.23 
  16080     2.83      0.22 
  16140     2.96      0.23 
  16200     3.10      0.23 
  16260     3.39      0.25 
  16320     2.61      0.22 
  16380     2.37      0.21 
  16440     2.76      0.22 
  16500     2.87      0.23 
  16560     3.26      0.24 
  16620     3.08      0.24 
  16680     2.49      0.22 
  16740     2.83      0.22 
  16800     2.98      0.23 
  16860     3.01      0.23 
  16920     3.06      0.23 
  16980     3.27      0.24 
  17040     3.48      0.25 
  17100     2.70      0.22 
  17160     3.25      0.24 
  17220     3.23      0.24 
  17280     2.62      0.22 
  17340     2.67      0.22 
  17400     2.64      0.22 
  17460     2.89      0.22 
  17520     2.97      0.23 
  17580     3.01      0.23 
  17640     2.91      0.23 
  17700     3.28      0.24 
  17760     3.21      0.24 
  17820     3.10      0.24 
  17880     2.65      0.22 
  17940     2.69      0.22 
  18000     2.77      0.22 
  18060     2.89      0.22 
  18120     3.50      0.25 
  18180     3.30      0.24 
  18240     3.01      0.23 
  18300     2.99      0.23 
  18360     2.94      0.23 
  18420     3.25      0.24 
  18480     2.98      0.23 
  18540     2.96      0.23 
  18600     3.25      0.24 
  18660     3.10      0.23 
  18720     3.23      0.24 
  18780     3.22      0.24 
  18840     2.53      0.22 
  18900     3.48      0.25 
  18960     3.57      0.25 
  19020     2.83      0.22 
  19080     3.39      0.25 
  19140     3.03      0.23 
  19200     2.91      0.23 
  19260     3.15      0.24 
  19320     3.28      0.24 
  19380     3.12      0.24 
  19440     3.40      0.25 
  19500     2.53      0.21 
  19560     3.15      0.24 
  19620     3.29      0.24 
  19680     3.29      0.24 
  19740     3.48      0.25 
  19800     3.19      0.23 
  19860     3.38      0.24 
  19920     3.11      0.24 
  19980     3.30      0.25 
  20040     2.78      0.22 
  20100     2.92      0.23 
  20160     3.34      0.24 
  20220     3.32      0.24 
  20280     3.21      0.24 
  20340     3.01      0.24 
  20400     3.12      0.23 
  20460     2.61      0.22 
  20520     3.50      0.25 
  20580     3.15      0.24 
  20640     3.22      0.24 
  20700     2.80      0.23 
  20760     3.08      0.24 
  20820     3.01      0.24 
  20880     3.56      0.25 
  20940     2.99      0.23 
  21000     3.23      0.24 
  21060     3.10      0.23 
  21120     3.06      0.24 
  21180     3.51      0.25 
  21240     3.16      0.24 
  21300     2.89      0.23 
  21360     3.12      0.24 
  21420     3.02      0.23 
  21480     3.22      0.24 
  21540     3.13      0.24 
  21600     3.25      0.24 
  21660     3.00      0.23 
  21720     3.21      0.24 
  21780     3.33      0.24 
  21840     2.78      0.22 
  21900     3.57      0.25 
  21960     3.51      0.25 
  22020     3.28      0.24 
  22080     3.31      0.24 
  22140     3.32      0.24 
  22200     3.65      0.25 
  22260     3.58      0.25 
  22320     3.18      0.24 
  22380     3.64      0.25 
  22440     3.23      0.24 
  22500     3.03      0.23 
  22560     3.33      0.24 
  22620     3.79      0.26 
  22680     3.42      0.24 
  22740     2.87      0.23 
  22800     3.38      0.25 
  22860     3.07      0.24 
  22920     3.28      0.24 
  22980     3.31      0.25 
  23040     3.31      0.24 
  23100     3.33      0.24 
  23160     3.39      0.24 
  23220     2.70      0.22 
  23280     2.94      0.23 
  23340     3.20      0.24 
  23400     3.39      0.25 
  23460     2.94      0.23 
  23520     3.63      0.25 
  23580     3.53      0.25 
  23640     3.28      0.24 
  23700     3.64      0.25 
  23760     3.31      0.25 
  23820     3.21      0.24 
  23880     3.56      0.25 
  23940     3.13      0.24 
  24000     3.34      0.25 
  24060     3.53      0.25 
  24120     3.93      0.26 
  24180     3.28      0.24 
  24240     2.84      0.22 
  24300     3.38      0.25 
  24360     3.19      0.24 
  24420     3.21      0.24 
  24480     3.28      0.24 
  24540     3.35      0.25 
  24600     2.88      0.23 
  24660     3.03      0.24 
  24720     3.57      0.25 
  24780     3.27      0.24 
  24840     3.17      0.24 
  24900     3.25      0.24 
  24960     3.68      0.25 
  25020     3.27      0.24 
  25080     3.21      0.24 
  25140     3.42      0.25 
  25200     3.53      0.25 
  25260     3.03      0.23 
  25320     3.28      0.24 
  25380     2.98      0.23 
  25440     3.20      0.23 
  25500     3.10      0.24 
  25560     3.32      0.24 
  25620     3.15      0.24 
  25680     3.02      0.23 
  25740     2.98      0.23 
  25800     2.93      0.23 
  25860     3.38      0.25 
  25920     3.03      0.23 
  25980     3.27      0.24 
  26040     3.57      0.25 
  26100     3.04      0.23 
  26160     2.85      0.23 
  26220     3.09      0.24 
  26280     3.01      0.23 
  26340     2.71      0.23 
  26400     3.53      0.25 
  26460     3.36      0.24 
  26520     2.89      0.23 
  26580     3.27      0.24 
  26640     3.05      0.23 
  26700     3.15      0.24 
  26760     3.22      0.24 
  26820     3.40      0.24 
  26880     3.23      0.24 
  26940     3.33      0.24 
  27000     3.21      0.24 
  27060     3.88      0.26 
  27120     3.35      0.24 
  27180     3.96      0.26 
  27240     3.48      0.25 
  27300     3.69      0.26 
  27360     3.33      0.24 
  27420     3.34      0.25 
  27480     3.34      0.24 
  27540     3.66      0.26 
  27600     2.89      0.23 
  27660     3.50      0.25 
  27720     3.84      0.26 
  27780     3.36      0.25 
  27840     3.46      0.25 
  27900     3.21      0.24 
  27960     3.56      0.25 
  28020     3.92      0.26 
  28080     3.46      0.25 
  28140     3.24      0.24 
  28200     3.50      0.25 
  28260     3.15      0.24 
  28320     2.86      0.22 
  28380     3.14      0.24 
  28440     3.39      0.24 
  28500     3.55      0.25 
  28560     3.19      0.24 
  28620     2.89      0.23 
  28680     3.30      0.24 
  28740     3.13      0.24 
  28800     3.21      0.24 
  28860     3.45      0.25 
  28920     3.37      0.24 
  28980     3.15      0.24 
  29040     3.42      0.25 
  29100     3.27      0.24 
  29160     3.11      0.24 
  29220     3.45      0.25 
  29280     3.12      0.24 
  29340     3.29      0.24 
  29400     3.52      0.25 
  29460     3.58      0.25 
  29520     3.63      0.25 
  29580     3.35      0.24 
  29639     3.63      0.25 
  29700     3.55      0.25 
  29760     3.49      0.25 
  29820     3.36      0.24 
  29880     2.82      0.22 
  29940     3.04      0.23 
  30000     3.24      0.24 
  30060     3.48      0.25 
  30120     3.05      0.23 
  30180     3.31      0.24 
  30240     3.37      0.24 
  30300     3.41      0.25 
  30360     4.02      0.26 
  30420     3.35      0.25 
  30480     3.40      0.25 
  30540     3.38      0.25 
  30600     2.92      0.23 
  30660     3.64      0.26 
  30720     3.58      0.25 
  30780     3.19      0.24 
  30840     3.39      0.24 
  30900     3.65      0.26 
  30960     3.35      0.24 
  31020     3.72      0.26 
  31080     3.79      0.26 
  31140     3.69      0.26 
  31200     3.44      0.25 
  31260     4.12      0.27 
  31320     3.86      0.26 
  31380     3.79      0.26 
  31440     3.52      0.24 
  31500     3.29      0.24 
  31560     3.61      0.25 
  31620     3.94      0.26 
  31680     4.01      0.26 
  31740     3.46      0.25 
  31800     3.46      0.25 
  31860     3.60      0.25 
  31920     3.04      0.24 
  31980     3.53      0.25 
  32040     3.45      0.25 
  32100     3.39      0.25 
  32160     3.39      0.25 
  32220     3.42      0.25 
  32280     2.94      0.23 
  32340     3.53      0.25 
  32400     3.78      0.26 
  32460     3.18      0.24 
  32520     3.51      0.25 
  32580     3.73      0.26 
  32640     3.20      0.24 
  32700     3.25      0.24 
  32760     3.21      0.24 
  32820     3.44      0.25 
  32880     3.36      0.24 
  32940     3.00      0.23 
  33000     3.39      0.24 
  33060     3.53      0.25 
  33120     3.66      0.26 
  33180     3.35      0.25 
  33239     3.50      0.25 
  33300     3.20      0.24 
  33360     4.15      0.27 
  33420     3.88      0.26 
  33480     3.50      0.25 
  33540     3.32      0.25 
  33600     3.54      0.25 
  33660     3.70      0.26 
  33720     3.85      0.26 
  33780     3.93      0.27 
  33839     3.67      0.26 
  33900     3.37      0.24 
  33960     3.38      0.25 
  34020     3.49      0.25 
  34080     3.37      0.25 
  34140     3.64      0.25 
  34200     3.54      0.25 
  34260     3.35      0.24 
  34320     3.89      0.26 
  34380     3.31      0.24 
  34440     3.05      0.24 
  34500     3.49      0.25 
  34560     3.71      0.26 
  34620     3.55      0.25 
  34680     4.01      0.27 
  34739     3.43      0.25 
  34800     3.72      0.26 
  34860     3.24      0.24 
  34920     3.50      0.25 
  34980     4.11      0.27 
  35040     3.98      0.27 
  35100     3.46      0.25 
  35160     3.52      0.26 
  35220     3.64      0.25 
  35280     3.22      0.24 
  35340     3.79      0.26 
  35400     3.91      0.26 
  35460     3.33      0.24 
  35520     4.04      0.27 
  35580     4.16      0.27 
  35640     3.93      0.26 
  35700     4.35      0.28 
  35760     3.83      0.26 
  35820     3.89      0.26 
  35880     3.12      0.24 
  35940     3.92      0.26 
  36000     3.95      0.26 
  36060     3.57      0.25 
  36120     3.75      0.26 
  36180     3.63      0.25 
  36239     3.83      0.26 
  36300     3.57      0.25 
  36360     3.94      0.27 
  36420     3.70      0.26 
  36480     3.74      0.26 
  36540     3.67      0.25 
  36600     3.66      0.25 
  36660     3.49      0.25 
  36720     3.99      0.26 
  36780     3.25      0.24 
  36840     4.13      0.27 
  36900     3.55      0.25 
  36960     3.97      0.26 
  37020     4.08      0.27 
  37080     3.50      0.25 
  37140     3.59      0.25 
  37200     3.48      0.25 
  37260     3.57      0.25 
  37320     3.70      0.26 
  37380     3.78      0.26 
  37440     3.86      0.26 
  37500     3.64      0.26 
  37560     4.02      0.26 
  37620     3.48      0.25 
  37680     3.55      0.25 
  37740     3.49      0.25 
  37800     3.84      0.26 
  37860     3.48      0.25 
  37920     3.44      0.25 
  37980     3.49      0.25 
  38040     3.73      0.26 
  38100     3.58      0.25 
  38160     3.94      0.27 
  38220     3.70      0.25 
  38280     3.90      0.26 
  38340     3.90      0.26 
  38400     3.58      0.25 
  38460     3.70      0.27 
  38519     3.65      0.26 
  38580     3.01      0.24 
  38640     3.33      0.25 
  38700     3.72      0.26 
  38760     3.81      0.26 
  38820     3.67      0.26 
  38880     3.72      0.26 
  38940     3.80      0.26 
  39000     3.79      0.26 
  39060     3.69      0.26 
  39120     4.18      0.27 
  39180     3.54      0.25 
  39240     3.84      0.26 
  39300     3.31      0.24 
  39360     3.76      0.26 
  39420     3.74      0.26 
  39480     4.05      0.26 
  39540     3.74      0.26 
  39600     3.60      0.25 
  39660     3.61      0.26 
  39720     3.40      0.24 
  39780     4.01      0.27 
  39840     3.68      0.26 
  39900     3.58      0.25 
  39960     3.54      0.25 
  40020     3.78      0.26 
  40080     3.67      0.26 
  40140     3.87      0.26 
  40200     4.06      0.27 
  40260     4.05      0.27 
  40320     3.91      0.26 
  40380     3.79      0.26 
  40440     3.40      0.25 
  40500     3.37      0.25 
  40560     4.14      0.27 
  40620     3.69      0.25 
  40679     3.72      0.26 
  40740     3.72      0.26 
  40800     3.15      0.24 
  40860     3.21      0.24 
  40920     3.45      0.25 
  40980     4.17      0.27 
  41040     3.41      0.24 
  41100     3.39      0.25 
  41160     3.51      0.25 
  41220     3.20      0.24 
  41280     3.66      0.25 
  41339     3.67      0.26 
  41400     3.69      0.26 
  41460     3.47      0.25 
  41519     3.16      0.24 
  41580     3.54      0.25 
  41640     3.51      0.25 
  41700     3.41      0.25 
  41760     4.06      0.27 
  41820     3.23      0.24 
  41880     3.22      0.24 
  41940     3.44      0.24 
  42000     3.60      0.25 
  42060     3.46      0.25 
  42120     3.33      0.24 
  42180     3.53      0.25 
  42239     3.80      0.26 
  42299     3.56      0.25 
  42360     3.34      0.24 
  42420     3.53      0.25 
  42480     3.49      0.25 
  42540     3.24      0.24 
  42600     3.19      0.24 
  42660     3.48      0.25 
  42720     2.97      0.23 
  42780     3.23      0.24 
  42840     3.22      0.24 
  42900     3.47      0.25 
  42960     3.25      0.24 
  43020     3.62      0.25 
  43080     3.37      0.25 
  43140     3.65      0.26 
  43200     3.38      0.24 
  43260     3.49      0.25 
  43320     3.70      0.26 
  43380     3.47      0.25 
  43440     3.28      0.24 
  43499     3.60      0.25 
  43560     3.43      0.25 
  43620     3.50      0.25 
  43680     3.04      0.23 
  43740     3.41      0.25 
  43800     3.09      0.23 
  43860     3.44      0.24 
  43920     3.41      0.24 
  43980     3.45      0.25 
  44040     3.27      0.24 
  44100     3.40      0.24 
  44160     2.94      0.23 
  44220     3.21      0.24 
  44280     3.00      0.24 
  44339     3.35      0.24 
  44400     3.68      0.25 
  44460     3.50      0.25 
  44520     3.54      0.25 
  44580     3.10      0.24 
  44640     3.52      0.25 
  44700     3.42      0.25 
  44760     3.65      0.25 
  44820     3.66      0.26 
  44880     3.57      0.25 
  44940     3.20      0.24 
  45000     3.51      0.25 
  45060     3.54      0.25 
  45119     3.70      0.26 
  45180     3.56      0.25 
  45239     3.48      0.31 
  45300     3.73      0.25 
  45360     4.02      0.27 
  45420     3.69      0.26 
  45480     4.15      0.27 
  45540     3.56      0.25 
  45600     3.05      0.24 
  45660     3.98      0.29 
  45720     4.13      0.27 
  45780     4.22      0.27 
  45840     3.83      0.26 
  45900     3.96      0.27 
  45960     4.04      0.27 
  46019     3.71      0.26 
  46080     3.69      0.26 
  46140     3.88      0.26 
  46200     3.54      0.25 
  46260     4.12      0.27 
  46320     3.87      0.27 
  46380     4.09      0.27 
  46440     3.73      0.26 
  46500     3.81      0.26 
  46560     3.94      0.27 
  46620     3.57      0.25 
  46680     3.99      0.26 
  46739     3.68      0.25 
  46800     3.74      0.26 
  46860     3.75      0.26 
  46920     4.05      0.27 
  46980     3.63      0.25 
  47040     3.69      0.25 
  47100     3.70      0.25 
  47160     3.57      0.25 
  47220     3.52      0.25 
  47280     3.64      0.26 
  47340     3.97      0.26 
  47400     3.86      0.26 
  47460     3.33      0.24 
  47520     3.29      0.25 
  47580     2.98      0.23 
  47640     3.29      0.24 
  47700     3.41      0.24 
  47760     3.43      0.25 
  47820     3.76      0.26 
  47880     3.03      0.23 
  47939     3.02      0.24 
  48000     3.54      0.25 
  48060     3.15      0.24 
  48120     2.95      0.23 
  48180     3.04      0.23 
  48240     2.96      0.23 
  48300     3.43      0.25 
  48360     3.36      0.24 
  48420     3.13      0.23 
  48480     3.53      0.25 
  48540     3.39      0.25 
  48600     3.36      0.25 
  48660     3.04      0.24 
  48720     3.06      0.23 
  48780     3.15      0.24 
  48840     2.09      0.37 
