#  Table pn_b50_27_0602240201.lc[1]  Wed 10:13:25 27-Nov-2013

#   TIME     RATE1    ERROR1 
#    s      count/s   count/s 
              
      0     28.12      0.99 
     50     30.08      1.01 
    100     26.56      0.97 
    150     29.74      1.01 
    200     29.61      1.01 
    250     29.65      1.00 
    300     30.22      1.01 
    350     30.05      1.00 
    400     28.14      0.97 
    450     26.69      0.93 
    500     27.16      0.94 
    550     27.43      0.95 
    600     28.55      0.96 
    650     27.49      0.94 
    699     28.93      0.97 
    750     28.40      0.96 
    800     28.74      0.98 
    849     27.93      0.97 
    900     26.89      0.96 
    949     30.03      1.01 
   1000     27.72      0.97 
   1050     26.71      0.96 
   1100     27.99      0.97 
   1150     28.36      0.97 
   1200     27.64      0.95 
   1250     26.77      0.95 
   1300     27.26      0.96 
   1350     28.35      0.98 
   1400     26.67      0.93 
   1450     27.15      0.94 
   1500     26.70      0.93 
   1550     28.46      0.96 
   1600     26.85      0.94 
   1650     26.92      0.94 
   1700     26.44      0.94 
   1750     27.74      0.95 
   1800     26.62      0.93 
   1850     27.91      0.95 
   1900     27.78      0.95 
   1950     24.67      0.90 
   2000     27.10      0.94 
   2050     27.93      0.95 
   2100     26.61      0.93 
   2150     25.29      0.91 
   2200     26.64      0.93 
   2250     26.23      0.92 
   2300     24.73      0.90 
   2350     27.20      0.94 
   2400     27.16      0.94 
   2450     26.54      0.93 
   2500     26.32      0.92 
   2550     26.32      0.92 
   2600     26.77      0.93 
   2650     27.07      0.94 
   2700     26.84      0.93 
   2750     25.78      0.91 
   2800     26.63      0.93 
   2850     27.50      0.94 
   2900     25.91      0.92 
   2950     26.55      0.93 
   3000     26.42      0.92 
   3050     27.39      0.94 
   3100     25.17      0.90 
   3150     26.69      0.93 
   3200     25.61      0.91 
   3250     23.70      0.88 
   3300     25.14      0.91 
   3350     27.07      0.94 
   3400     24.20      0.90 
   3450     25.48      0.91 
   3500     25.10      0.90 
   3550     25.56      0.91 
   3600     26.43      0.93 
   3650     28.45      0.96 
   3700     26.92      0.94 
   3750     26.64      0.93 
   3800     27.43      0.94 
   3850     26.23      0.92 
   3900     27.88      0.95 
   3950     26.49      0.93 
   4000     25.84      0.91 
   4050     25.18      0.90 
   4100     23.76      0.88 
   4150     24.39      0.89 
   4200     24.19      0.89 
   4250     23.75      0.88 
   4300     25.27      0.91 
   4349     23.66      0.88 
   4400     24.77      0.90 
   4450     25.53      0.91 
   4500     24.40      0.89 
   4550     22.20      0.85 
   4600     23.79      0.88 
   4650     23.54      0.87 
   4700     24.70      0.89 
   4750     21.99      0.85 
   4800     23.24      0.87 
   4850     23.32      0.88 
   4900     23.58      0.88 
   4950     22.95      0.86 
   5000     22.82      0.86 
   5050     24.08      0.89 
   5100     22.40      0.85 
   5150     24.39      0.89 
   5200     24.05      0.88 
   5250     23.43      0.87 
   5300     22.66      0.86 
   5349     23.73      0.88 
   5400     23.17      0.87 
   5450     23.88      0.88 
   5500     24.37      0.89 
   5549     23.56      0.88 
   5599     23.22      0.87 
   5650     23.51      0.88 
   5700     21.88      0.84 
   5749     22.83      0.86 
   5799     23.21      0.87 
   5849     25.07      0.90 
   5900     24.62      0.90 
   5949     23.63      0.88 
   6000     23.37      0.87 
   6049     21.74      0.84 
   6099     23.79      0.88 
   6149     23.89      0.88 
   6199     21.58      0.84 
   6250     23.64      0.88 
   6300     23.09      0.87 
   6350     21.93      0.85 
   6400     23.19      0.87 
   6450     22.10      0.85 
   6500     22.44      0.86 
   6550     20.60      0.82 
   6599     23.98      0.88 
   6650     21.02      0.83 
   6700     24.26      0.89 
   6750     22.00      0.84 
   6799     23.10      0.87 
   6849     22.96      0.87 
   6900     22.67      0.86 
   6950     22.97      0.87 
   6999     22.83      0.86 
   7049     23.83      0.88 
   7099     22.28      0.85 
   7150     21.71      0.84 
   7199     22.98      0.86 
   7249     22.06      0.85 
   7299     22.26      0.85 
   7349     22.49      0.86 
   7399     22.31      0.85 
   7449     24.21      0.89 
   7500     23.15      0.87 
   7550     22.02      0.84 
   7600     24.32      0.89 
   7650     22.21      0.85 
   7700     23.16      0.87 
   7750     22.59      0.86 
   7800     21.88      0.84 
   7849     21.73      0.84 
   7900     22.48      0.86 
   7950     23.73      0.88 
   8000     23.15      0.87 
   8050     21.62      0.84 
   8099     24.18      0.89 
   8150     22.62      0.86 
   8199     22.19      0.85 
   8249     21.73      0.84 
   8300     21.73      0.84 
   8349     22.59      0.86 
   8400     24.45      0.89 
   8449     23.48      0.87 
   8499     23.22      0.87 
   8550     22.95      0.86 
   8599     22.63      0.86 
   8649     22.96      0.86 
   8699     22.34      0.85 
   8750     23.16      0.87 
   8800     21.67      0.84 
   8850     23.52      0.88 
   8900     22.48      0.86 
   8949     22.66      0.86 
   9000     22.36      0.85 
   9050     23.44      0.87 
   9099     23.01      0.86 
   9150     20.66      0.82 
   9199     23.03      0.86 
   9250     24.23      0.89 
   9300     22.16      0.85 
   9349     20.76      0.82 
   9400     22.64      0.86 
   9449     23.41      0.87 
   9499     20.48      0.82 
   9550     23.04      0.86 
   9599     21.83      0.84 
   9650     22.51      0.85 
   9699     22.34      0.85 
   9749     22.39      0.85 
   9800     23.22      0.87 
   9849     22.52      0.86 
   9899     24.12      0.89 
   9949     23.71      0.88 
  10000     22.68      0.86 
  10050     22.16      0.85 
  10100     23.68      0.88 
  10150     22.91      0.86 
  10200     23.92      0.88 
  10250     22.69      0.86 
  10300     23.16      0.87 
  10350     22.83      0.86 
  10400     23.39      0.87 
  10450     23.28      0.87 
  10500     21.04      0.83 
  10550     20.83      0.82 
  10600     23.21      0.87 
  10650     21.02      0.83 
  10700     23.48      0.87 
  10750     22.19      0.85 
  10800     21.37      0.83 
  10850     21.56      0.84 
  10900     23.13      0.87 
  10950     21.21      0.83 
  11000     20.31      0.81 
  11050     20.53      0.82 
  11100     22.68      0.86 
  11150     22.38      0.85 
  11200     22.09      0.85 
  11250     22.45      0.85 
  11300     21.15      0.83 
  11350     22.84      0.86 
  11400     21.50      0.84 
  11450     22.18      0.85 
  11500     24.77      0.90 
  11550     22.62      0.86 
  11600     23.19      0.87 
  11650     22.36      0.85 
  11700     21.70      0.84 
  11750     22.89      0.86 
  11800     21.99      0.85 
  11850     21.70      0.84 
  11900     21.50      0.84 
  11950     21.97      0.85 
  12000     22.74      0.86 
  12050     22.28      0.85 
  12100     21.67      0.84 
  12150     19.88      0.80 
  12200     23.09      0.86 
  12250     22.01      0.85 
  12300     21.73      0.84 
  12350     21.35      0.83 
  12400     21.21      0.83 
  12450     22.75      0.86 
  12500     20.43      0.81 
  12550     22.42      0.85 
  12600     22.28      0.85 
  12650     21.30      0.83 
  12700     21.33      0.83 
  12750     23.55      0.88 
  12800     22.08      0.85 
  12850     22.98      0.87 
  12900     21.56      0.84 
  12950     21.28      0.83 
  13000     23.23      0.87 
  13050     23.90      0.88 
  13100     21.15      0.83 
  13150     21.55      0.84 
  13200     22.19      0.85 
  13250     22.93      0.87 
  13300     21.98      0.84 
  13350     23.68      0.88 
  13400     22.16      0.85 
  13450     24.75      0.90 
  13500     22.56      0.86 
  13550     24.06      0.88 
  13600     22.09      0.85 
  13650     22.56      0.86 
  13700     22.40      0.85 
  13750     23.55      0.87 
  13800     22.23      0.85 
  13850     22.16      0.85 
  13900     23.39      0.87 
  13950     22.85      0.86 
  14000     24.41      0.89 
  14050     22.96      0.86 
  14100     22.18      0.85 
  14150     22.30      0.85 
  14200     23.66      0.88 
  14250     20.79      0.82 
  14300     22.42      0.85 
  14350     21.42      0.83 
  14400     21.69      0.84 
  14450     22.10      0.85 
  14500     21.48      0.84 
  14550     22.18      0.85 
  14600     20.66      0.82 
  14650     23.65      0.88 
  14700     21.73      0.84 
  14750     22.35      0.85 
  14800     21.44      0.83 
  14850     23.92      0.88 
  14900     21.79      0.84 
  14950     22.50      0.85 
  15000     23.43      0.88 
  15050     21.71      0.84 
  15100     21.38      0.83 
  15150     21.95      0.84 
  15200     23.47      0.87 
  15250     24.10      0.88 
  15300     23.38      0.87 
  15350     22.69      0.86 
  15400     24.58      0.89 
  15450     23.88      0.88 
  15500     23.98      0.88 
  15550     24.01      0.88 
  15600     23.16      0.87 
  15650     25.29      0.91 
  15700     25.07      0.90 
  15750     25.82      0.92 
  15800     25.05      0.90 
  15850     24.33      0.89 
  15900     26.54      0.93 
  15950     24.78      0.90 
  16000     26.53      0.93 
  16050     25.97      0.92 
  16100     26.87      0.93 
  16150     27.82      0.95 
  16200     25.66      0.91 
  16250     26.19      0.92 
  16300     28.40      0.96 
  16350     27.05      0.94 
  16400     25.86      0.92 
  16450     24.48      0.89 
  16500     27.29      0.94 
  16550     26.69      0.93 
  16600     24.07      0.88 
  16650     27.77      0.95 
  16700     26.64      0.93 
  16750     26.37      0.92 
  16800     26.59      0.93 
  16850     27.56      0.95 
  16900     27.10      0.94 
  16950     26.03      0.92 
  17000     26.72      0.93 
  17050     25.66      0.91 
  17100     26.40      0.93 
  17150     27.16      0.94 
  17200     27.07      0.94 
  17250     25.80      0.92 
  17300     26.85      0.93 
  17350     27.02      0.94 
  17400     28.08      0.96 
  17450     25.68      0.91 
  17500     26.32      0.92 
  17550     26.61      0.93 
  17600     27.72      0.95 
  17650     26.68      0.93 
  17700     25.08      0.90 
  17750     27.22      0.94 
  17800     27.75      0.95 
  17850     25.90      0.92 
  17900     26.60      0.93 
  17950     26.21      0.92 
  18000     24.98      0.90 
  18050     24.46      0.89 
  18100     27.15      0.94 
  18150     25.77      0.92 
  18200     25.05      0.90 
  18250     26.09      0.92 
  18300     26.15      0.92 
  18350     27.60      0.95 
  18400     25.35      0.91 
  18450     24.44      0.89 
  18500     27.13      1.01 
  18550     23.89      0.88 
  18600     26.65      0.93 
  18650     25.16      0.90 
  18700     25.08      0.90 
  18750     25.38      0.96 
  18800     26.51      0.93 
  18850     25.14      0.90 
  18900     25.67      0.91 
  18950     25.95      0.92 
  19000     26.50      0.93 
  19050     25.13      0.90 
  19100     26.14      0.92 
  19150     25.97      0.92 
  19200     27.12      0.94 
  19250     27.80      0.95 
  19300     26.80      0.93 
  19350     27.33      0.94 
  19400     27.11      0.94 
  19450     28.67      0.97 
  19500     27.00      0.94 
  19550     26.86      0.93 
  19600     26.65      0.93 
  19650     28.52      0.96 
  19700     28.08      0.95 
  19750     26.82      0.93 
  19800     27.77      0.95 
  19850     26.65      0.93 
  19900     26.58      0.93 
  19950     27.29      0.94 
  20000     26.65      0.93 
  20050     27.37      0.94 
  20100     26.07      0.92 
  20150     27.44      0.94 
  20200     26.88      0.94 
  20250     26.16      0.92 
  20300     25.37      0.91 
  20350     27.18      0.94 
  20400     26.04      0.92 
  20450     25.47      0.91 
  20500     27.19      0.94 
  20550     26.47      0.93 
  20600     27.04      0.94 
  20650     25.40      0.91 
  20700     27.13      0.94 
  20750     27.76      0.95 
  20800     26.72      0.93 
  20850     26.03      0.92 
  20900     25.18      0.90 
  20950     24.71      0.90 
  21000     25.86      0.92 
  21050     27.65      0.95 
  21100     25.81      0.92 
  21150     26.41      0.92 
  21200     28.14      0.96 
  21250     27.48      0.94 
  21300     27.38      0.94 
  21350     25.92      0.92 
  21400     28.79      0.97 
  21450     33.70      1.04 
  21500     38.74      1.12 
  21550     41.58      1.16 
  21600     43.84      1.19 
  21650     48.05      1.25 
  21700     51.94      1.30 
  21750     52.18      1.30 
  21800     55.20      1.34 
  21850     54.12      1.32 
  21900     56.39      1.35 
  21950     57.55      1.37 
  22000     56.89      1.36 
  22050     57.46      1.36 
  22100     58.84      1.38 
  22150     57.85      1.37 
  22200     58.77      1.38 
  22250     58.23      1.37 
  22300     63.66      1.44 
  22350     58.77      1.38 
  22400     59.22      1.39 
  22450     60.07      1.39 
  22500     64.19      1.44 
  22550     65.40      1.46 
  22600     63.13      1.43 
  22650     61.78      1.41 
  22700     61.93      1.42 
  22750     62.06      1.42 
  22800     60.60      1.40 
  22850     59.97      1.39 
  22900     62.94      1.43 
  22950     60.92      1.41 
  23000     59.33      1.39 
  23050     59.68      1.39 
  23100     57.76      1.37 
  23150     55.68      1.34 
  23200     56.16      1.35 
  23250     53.88      1.32 
  23300     54.60      1.33 
  23350     56.63      1.35 
  23400     53.31      1.32 
  23450     53.23      1.31 
  23500     51.87      1.30 
  23550     52.21      1.30 
  23600     53.70      1.32 
  23650     53.90      1.32 
  23700     53.66      1.32 
  23750     52.36      1.30 
  23800     52.44      1.31 
  23850     50.28      1.28 
  23900     50.40      1.28 
  23950     51.85      1.30 
  24000     50.82      1.28 
  24050     51.79      1.30 
  24100     50.13      1.28 
  24150     49.01      1.26 
  24200     48.77      1.26 
  24250     51.60      1.30 
  24300     49.46      1.27 
  24350     48.51      1.25 
  24400     48.24      1.25 
  24450     51.42      1.29 
  24500     49.85      1.27 
  24550     49.03      1.26 
  24600     48.42      1.25 
  24650     49.08      1.26 
  24700     49.44      1.27 
  24750     48.91      1.26 
  24800     47.83      1.25 
  24850     47.80      1.25 
  24900     47.11      1.24 
  24950     49.09      1.26 
  25000     47.24      1.24 
  25050     47.87      1.25 
  25100     48.67      1.26 
  25150     47.57      1.24 
  25200     47.95      1.25 
  25250     49.19      1.26 
  25300     49.33      1.26 
  25350     47.18      1.24 
  25400     46.42      1.23 
  25450     48.49      1.26 
  25500     46.53      1.23 
  25550     47.25      1.24 
  25600     48.35      1.25 
  25650     45.90      1.22 
  25700     48.94      1.26 
  25750     46.23      1.23 
  25800     46.63      1.23 
  25850     48.96      1.26 
  25900     48.74      1.26 
  25950     49.68      1.27 
  26000     49.10      1.26 
  26050     47.91      1.25 
  26100     47.47      1.24 
  26150     45.54      1.22 
  26200     45.95      1.22 
  26250     47.02      1.24 
  26300     47.02      1.23 
  26350     47.07      1.24 
  26400     48.05      1.25 
  26450     47.64      1.24 
  26500     49.87      1.27 
  26550     49.00      1.26 
  26600     44.26      1.20 
  26650     47.31      1.24 
  26700     46.68      1.23 
  26750     46.38      1.23 
  26800     49.03      1.26 
  26850     48.57      1.26 
  26900     47.33      1.24 
  26950     47.01      1.23 
  27000     47.42      1.24 
  27050     46.26      1.22 
  27100     48.19      1.25 
  27150     47.89      1.25 
  27200     46.02      1.22 
  27250     49.39      1.27 
  27300     47.82      1.24 
  27350     46.53      1.23 
  27400     46.99      1.23 
  27450     47.88      1.25 
  27500     46.61      1.23 
  27550     46.50      1.23 
  27600     50.53      1.28 
  27650     50.08      1.27 
  27700     50.97      1.29 
  27750     46.19      1.22 
  27800     46.36      1.23 
  27850     46.36      1.23 
  27900     46.72      1.23 
  27950     47.62      1.24 
  28000     48.29      1.25 
  28050     48.78      1.26 
  28100     49.33      1.27 
  28150     47.96      1.25 
  28200     47.40      1.24 
  28250     45.51      1.22 
  28300     47.19      1.24 
  28350     45.39      1.21 
  28400     49.23      1.26 
  28450     46.86      1.23 
  28500     46.93      1.23 
  28550     45.48      1.22 
  28600     46.68      1.23 
  28650     46.55      1.23 
  28700     47.65      1.24 
  28750     47.37      1.24 
  28800     46.68      1.23 
  28850     45.68      1.22 
  28900     47.35      1.24 
  28950     44.52      1.20 
  29000     44.99      1.21 
  29050     42.69      1.18 
  29100     45.16      1.21 
  29150     43.04      1.18 
  29200     43.72      1.19 
  29250     43.87      1.19 
  29300     43.95      1.19 
  29350     45.15      1.21 
  29400     43.20      1.18 
  29450     42.36      1.17 
  29500     43.15      1.18 
  29550     41.60      1.16 
  29600     43.30      1.19 
  29650     43.14      1.18 
  29700     40.50      1.15 
  29750     41.26      1.16 
  29800     39.58      1.13 
  29850     39.77      1.13 
  29900     39.44      1.13 
  29950     40.73      1.15 
  30000     39.40      1.13 
  30050     40.15      1.14 
  30100     38.39      1.12 
  30150     40.55      1.15 
  30200     39.65      1.13 
  30250     39.11      1.13 
  30300     37.95      1.11 
  30350     38.80      1.19 
  30400     39.76      1.14 
  30450     40.79      1.15 
  30500     38.11      1.11 
  30550     38.53      1.12 
  30600     37.13      1.10 
  30650     37.48      1.10 
  30700     36.74      1.09 
  30750     35.73      1.08 
  30800     34.93      1.06 
  30850     35.97      1.08 
  30900     36.66      1.09 
  30950     35.66      1.08 
  31000     35.78      1.08 
  31050     32.44      1.03 
  31100     35.14      1.07 
  31150     36.99      1.09 
  31200     36.84      1.09 
  31250     33.92      1.05 
  31300     35.31      1.07 
  31350     36.19      1.14 
  31400     37.85      1.11 
  31450     34.63      1.06 
  31500     35.84      1.08 
  31550     34.61      1.06 
  31600     33.62      1.04 
  31650     32.05      1.02 
  31700     32.47      1.03 
  31750     33.70      1.05 
  31800     33.10      1.04 
  31850     31.02      1.00 
  31900     32.67      1.03 
  31950     32.68      1.03 
  32000     32.44      1.02 
  32050     29.86      0.98 
  32100     31.93      1.02 
  32150     31.89      1.02 
  32200     32.66      1.03 
  32250     30.58      1.00 
  32300     29.41      0.98 
  32350     30.11      0.99 
  32400     31.12      1.00 
  32450     29.90      0.98 
  32500     32.79      1.03 
  32550     32.39      1.03 
  32600     31.89      1.02 
  32650     31.55      1.01 
  32700     31.76      1.02 
  32750     31.46      1.01 
  32800     31.07      1.00 
  32850     30.49      0.99 
  32900     30.26      0.99 
  32950     29.44      0.98 
  33000     31.15      1.01 
  33050     30.17      0.99 
  33100     29.86      0.99 
  33150     29.18      0.97 
  33200     29.22      0.97 
  33250     30.62      1.00 
  33300     28.03      0.96 
  33350     29.49      0.98 
  33400     28.87      0.97 
  33450     28.09      0.96 
  33500     28.53      0.96 
  33550     27.70      0.95 
  33600     29.07      0.97 
  33650     28.70      0.97 
  33700     28.63      0.96 
  33750     29.60      0.98 
  33800     27.56      0.95 
  33850     27.29      0.94 
  33900     26.95      0.94 
  33950     28.25      0.96 
  34000     26.14      0.92 
  34050     28.28      0.96 
  34100     27.15      0.94 
  34150     29.21      0.97 
  34200     25.92      0.92 
  34250     25.96      0.92 
  34300     26.13      0.92 
  34350     26.61      0.93 
  34400     28.28      0.96 
  34450     28.56      0.96 
  34500     25.56      0.91 
  34550     27.36      0.94 
  34600     27.12      0.94 
  34650     26.32      0.92 
  34700     25.42      0.91 
  34750     25.42      0.91 
  34800     25.69      0.91 
  34850     25.98      0.92 
  34900     24.69      0.89 
  34950     25.48      0.91 
  35000     24.94      0.90 
  35050     24.20      0.89 
  35100     27.57      0.95 
  35150     26.46      0.93 
  35200     26.31      0.92 
  35250     25.05      0.90 
  35300     23.92      0.88 
  35350     23.74      0.88 
  35400     24.03      0.88 
  35450     26.09      0.92 
  35500     25.40      0.91 
  35550     27.55      0.95 
  35600     24.50      0.89 
  35650     24.86      0.90 
  35700     24.41      0.89 
  35750     24.44      0.89 
  35800     24.89      0.90 
  35850     26.37      0.92 
  35900     27.13      0.94 
  35950     26.44      0.93 
  36000     25.29      0.91 
  36049     23.58      0.88 
  36100     25.29      0.91 
  36150     25.23      0.91 
  36200     24.69      0.90 
  36250     24.47      0.89 
  36300     25.81      0.91 
  36350     24.57      0.89 
  36400     24.70      0.90 
  36450     25.62      0.91 
  36500     24.94      0.90 
  36550     26.74      0.93 
  36600     25.75      0.91 
  36650     24.85      0.90 
  36700     23.26      0.87 
  36750     25.68      0.91 
  36800     24.73      0.90 
  36850     25.63      0.91 
  36900     26.29      0.92 
  36950     25.79      0.91 
  37000     25.38      0.91 
  37049     25.52      0.91 
  37100     24.79      0.90 
  37150     26.10      0.92 
  37200     26.27      0.92 
  37250     24.64      0.89 
  37299     26.07      0.92 
  37350     25.09      0.90 
  37400     26.00      0.92 
  37450     24.30      0.89 
  37500     25.90      0.92 
  37550     25.51      0.91 
  37600     27.06      0.94 
  37650     26.70      0.93 
  37700     26.36      0.92 
  37750     25.71      0.91 
  37800     27.43      0.95 
  37850     26.50      0.93 
  37900     26.95      0.94 
  37950     28.04      0.95 
  38000     27.79      0.95 
  38050     25.89      0.92 
  38100     28.40      0.96 
  38150     29.48      0.98 
  38200     30.65      1.00 
  38250     30.92      1.00 
  38300     31.09      1.01 
  38350     30.67      1.00 
  38400     31.69      1.02 
  38450     32.13      1.02 
  38500     35.75      1.08 
  38550     34.95      1.07 
  38600     33.20      1.04 
  38650     36.03      1.08 
  38700     38.11      1.11 
  38750     33.90      1.05 
  38800     35.95      1.08 
  38850     36.48      1.09 
  38900     37.46      1.10 
  38950     37.42      1.10 
  39000     39.12      1.13 
  39050     36.28      1.09 
  39100     37.05      1.10 
  39150     35.57      1.08 
  39200     37.32      1.10 
  39250     35.30      1.07 
  39300     35.99      1.08 
  39350     37.35      1.10 
  39400     35.13      1.07 
  39450     35.36      1.07 
  39500     34.82      1.06 
  39550     34.48      1.06 
  39600     32.17      1.02 
  39650     33.90      1.05 
  39700     32.99      1.03 
  39750     32.93      1.03 
  39800     33.03      1.04 
  39850     33.49      1.04 
  39900     32.30      1.02 
  39950     32.51      1.03 
  40000     32.75      1.03 
  40050     32.06      1.02 
  40100     32.25      1.02 
  40150     33.01      1.04 
  40200     30.38      0.99 
  40250     28.82      0.97 
  40299     30.61      1.00 
  40350     29.45      0.98 
  40400     28.73      0.97 
  40450     29.56      0.98 
  40500     28.66      0.97 
  40550     28.27      0.96 
  40600     28.41      0.96 
  40650     26.77      0.93 
  40700     29.90      0.98 
  40750     28.33      0.96 
  40800     27.53      0.95 
  40850     28.10      0.95 
  40900     27.95      0.95 
  40950     28.34      0.96 
  41000     27.23      0.94 
  41050     26.39      0.92 
  41100     26.98      0.93 
  41150     26.50      0.93 
  41200     26.68      0.93 
  41250     27.77      0.95 
  41300     26.88      0.93 
  41350     27.99      0.95 
  41400     25.95      0.92 
  41450     25.85      0.92 
  41500     26.49      0.93 
  41549     27.22      0.94 
  41600     26.75      0.93 
  41650     27.32      0.94 
  41700     27.56      0.95 
  41750     26.67      0.93 
  41800     25.16      0.90 
  41850     23.89      0.88 
  41899     24.32      0.89 
  41950     24.80      0.90 
  42000     24.57      0.89 
  42050     23.74      0.88 
  42100     26.20      0.92 
  42150     24.76      0.90 
  42200     23.75      0.88 
  42250     24.22      0.89 
  42299     22.65      0.86 
  42350     24.46      0.89 
  42400     23.47      0.87 
  42450     24.12      0.89 
  42500     25.61      0.91 
  42550     24.94      0.90 
  42600     23.71      0.88 
  42650     23.92      0.88 
  42700     24.96      0.90 
  42750     24.07      0.88 
  42799     23.56      0.87 
  42850     23.48      0.87 
  42900     23.49      0.87 
  42950     24.49      0.89 
  43000     24.03      0.88 
  43050     23.25      0.87 
  43100     22.42      0.85 
  43149     22.95      0.86 
  43200     22.69      0.86 
  43250     23.47      0.87 
  43300     22.35      0.85 
  43350     23.23      0.87 
  43400     22.27      0.85 
  43450     22.97      0.86 
  43499     23.33      0.87 
  43549     23.39      0.87 
  43600     22.91      0.86 
  43650     23.88      0.88 
  43700     22.74      0.86 
  43750     23.00      0.87 
  43800     22.70      0.86 
  43850     22.33      0.85 
  43900     22.05      0.85 
  43950     23.16      0.87 
  44000     24.39      0.89 
  44050     22.32      0.85 
  44100     21.56      0.84 
  44150     22.34      0.85 
  44200     21.64      0.84 
  44250     20.72      0.82 
  44300     21.11      0.83 
  44350     21.78      0.84 
  44400     21.51      0.84 
  44450     21.71      0.84 
  44500     21.61      0.84 
  44550     20.13      0.81 
  44600     22.70      0.86 
  44650     20.84      0.83 
  44700     22.55      0.85 
  44750     21.07      0.83 
  44800     21.68      0.84 
  44850     22.03      0.84 
  44900     21.37      0.83 
  44950     21.23      0.83 
  45000     20.66      0.82 
  45050     21.74      0.84 
  45100     21.72      0.84 
  45150     21.16      0.83 
  45200     21.38      0.83 
  45250     19.21      0.79 
  45300     21.05      0.83 
  45350     20.53      0.82 
  45400     20.02      0.81 
  45450     20.56      0.82 
  45500     19.04      0.79 
  45550     20.91      0.82 
  45600     18.80      0.78 
  45650     19.09      0.79 
  45700     20.67      0.82 
  45750     19.29      0.79 
  45800     19.41      0.79 
  45850     23.22      0.87 
  45900     22.73      0.86 
  45950     21.88      0.84 
  46000     21.58      0.84 
  46050     23.13      0.87 
  46100     19.56      0.80 
  46150     21.41      0.83 
  46200     20.73      0.82 
  46250     21.24      0.83 
  46300     22.26      0.85 
  46350     23.03      0.86 
  46400     21.99      0.85 
  46450     21.05      0.83 
  46500     21.45      0.83 
  46549     19.80      0.80 
  46600     20.11      0.81 
  46650     19.67      0.80 
  46700     19.73      0.80 
  46750     21.57      0.84 
  46800     18.48      0.77 
  46850     21.66      0.84 
  46900     20.82      0.82 
  46950     19.11      0.79 
  47000     18.26      0.77 
  47050     20.98      0.82 
  47100     20.16      0.81 
  47150     18.60      0.78 
  47200     21.55      0.84 
  47250     18.12      0.77 
  47300     19.05      0.79 
  47350     20.07      0.81 
  47400     17.91      0.76 
  47450     19.92      0.80 
  47500     19.55      0.80 
  47550     18.47      0.77 
  47600     17.96      0.76 
  47650     19.44      0.79 
  47700     19.68      0.80 
  47750     19.20      0.79 
  47799     19.16      0.79 
  47850     18.84      0.78 
  47900     18.18      0.77 
  47950     19.31      0.79 
  48000     17.60      0.76 
  48050     21.03      0.83 
  48100     18.96      0.79 
  48149     19.58      0.80 
  48200     19.08      0.79 
  48250     18.21      0.77 
  48300     19.59      0.80 
  48350     19.27      0.79 
  48400     18.69      0.78 
  48450     19.40      0.79 
  48500     18.52      0.77 
  48549     19.44      0.79 
  48600     20.07      0.81 
  48650     18.32      0.77 
  48700     20.27      0.81 
  48750     21.00      0.83 
  48800     20.03      0.81 
  48850     19.44      0.79 
  48900     18.12      0.77 
  48950     19.41      0.79 
  49000     19.90      0.80 
  49049     21.69      0.84 
  49100     20.89      0.82 
  49150     20.23      0.81 
  49200     19.38      0.79 
  49250     19.27      0.79 
  49300     20.57      0.82 
  49350     19.02      0.79 
  49399     18.50      0.78 
  49450     20.02      0.81 
  49500     20.32      0.81 
  49550     20.15      0.81 
  49600     19.07      0.79 
  49650     18.65      0.78 
  49700     19.67      0.80 
  49749     18.80      0.78 
  49799     19.35      0.79 
  49850     19.37      0.79 
  49900     19.73      0.80 
  49950     20.01      0.80 
  50000     19.84      0.80 
  50049     20.43      0.81 
  50100     20.73      0.82 
  50149     18.73      0.78 
  50200     19.24      0.79 
  50250     20.24      0.81 
  50299     21.20      0.83 
  50350     19.33      0.79 
  50400     20.55      0.82 
  50449     20.96      0.82 
  50500     19.12      0.79 
  50549     21.08      0.83 
  50600     21.72      0.84 
  50649     19.34      0.79 
  50700     19.88      0.81 
  50750     19.82      0.80 
  50800     20.55      0.82 
  50849     19.08      0.79 
  50900     20.68      0.82 
  50950     20.92      0.83 
  51000     20.83      0.82 
  51049     19.82      0.81 
  51100     19.80      0.80 
  51150     20.75      0.82 
  51200     19.43      0.79 
  51249     20.81      0.82 
  51300     19.38      0.80 
  51349     19.47      0.80 
  51400     19.68      0.80 
  51450     20.77      0.82 
  51500     19.66      0.80 
  51549     18.97      0.78 
  51600     19.03      0.78 
  51649     20.31      0.81 
  51700     18.30      0.77 
  51749     22.02      0.85 
  51800     19.91      0.80 
  51850     19.54      0.80 
  51899     20.70      0.82 
  51950     20.71      0.82 
  52000     18.37      0.77 
  52049     20.30      0.81 
  52100     19.54      0.80 
  52149     19.77      0.80 
  52200     18.92      0.78 
  52249     18.94      0.78 
  52299     19.61      0.80 
  52350     19.96      0.81 
  52400     20.00      0.81 
  52449     19.73      0.80 
  52500     20.45      0.82 
  52549     20.44      0.81 
  52600     20.86      0.82 
  52649     19.34      0.79 
  52700     20.79      0.82 
  52750     21.12      0.83 
  52799     20.12      0.81 
  52849     21.10      0.83 
  52900     20.24      0.81 
  52949     19.49      0.79 
  53000     20.67      0.82 
  53049     20.33      0.81 
  53100     21.28      0.83 
  53149     22.80      0.86 
  53200     22.12      0.85 
  53249     22.32      0.85 
  53300     21.39      0.83 
  53349     22.56      0.86 
  53400     21.27      0.83 
  53450     20.91      0.82 
  53499     21.59      0.84 
  53549     20.74      0.82 
  53600     21.09      0.83 
  53649     21.37      0.83 
  53700     21.97      0.84 
  53749     20.16      0.81 
  53800     21.04      0.83 
  53849     22.08      0.85 
  53899     21.61      0.84 
  53950     22.55      0.86 
  54000     21.85      0.84 
  54049     21.25      0.83 
  54100     22.62      0.86 
  54149     22.75      0.86 
  54200     20.60      0.82 
  54249     23.29      0.87 
  54299     21.65      0.84 
  54350     23.03      0.87 
  54399     23.86      0.88 
  54449     23.26      0.87 
  54500     22.01      0.84 
  54549     22.46      0.85 
  54600     21.82      0.84 
  54649     21.99      0.85 
  54700     22.97      0.86 
  54749     22.30      0.85 
  54799     23.53      0.87 
  54849     22.12      0.85 
  54900     21.88      0.84 
  54949     22.15      0.85 
  55000     21.38      0.83 
  55049     20.77      0.82 
  55099     20.92      0.82 
  55149     22.85      0.86 
  55200     21.36      0.83 
  55249     21.40      0.83 
  55299     21.15      0.83 
  55349     21.90      0.84 
  55400     21.99      0.85 
  55449     21.18      0.83 
  55499     21.15      0.83 
  55549     21.54      0.84 
  55600     22.24      0.85 
  55649     20.92      0.82 
  55700     22.75      0.86 
  55749     21.50      0.84 
  55800     22.33      0.85 
  55849     20.24      0.81 
  55899     21.09      0.83 
  55950     21.99      0.84 
  55999     21.36      0.83 
  56049     21.69      0.84 
  56100     21.62      0.84 
  56149     21.43      0.84 
  56200     21.79      0.84 
  56250     21.37      0.83 
  56299     21.98      0.84 
  56350     20.42      0.81 
  56399     20.74      0.82 
  56450     22.71      0.86 
  56500     20.77      0.82 
  56549     23.38      0.87 
  56600     23.06      0.87 
  56650     21.46      0.83 
  56699     23.72      0.88 
  56750     23.09      0.87 
  56799     22.66      0.86 
  56850     21.01      0.83 
  56899     23.03      0.86 
  56950     23.05      0.87 
  57000     24.02      0.88 
  57050     22.35      0.85 
  57099     24.46      0.89 
  57150     24.88      0.90 
  57200     25.19      0.91 
  57250     26.40      0.92 
  57299     23.59      0.88 
  57350     23.97      0.88 
  57400     24.01      0.88 
  57450     24.17      0.89 
  57499     25.04      0.90 
  57550     25.41      0.91 
  57599     24.11      0.89 
  57650     23.11      0.87 
  57700     22.86      0.86 
  57750     22.32      0.85 
  57799     21.48      0.83 
  57850     23.05      0.87 
  57899     22.78      0.86 
  57950     21.76      1.62 
