#  Table rgs12o12_b80_27_0602240201.lc[1]  Wed 15:46:44 27-Nov-2013

#   TIME     RATE1    ERROR1 
#    s      count/s   count/s 
              
      0     2.72      0.22 
     80     2.12      0.21 
    160     2.30      0.21 
    240     2.55      0.21 
    320     2.32      0.22 
    400     2.71      0.22 
    480     2.38      0.20 
    559     2.77      0.21 
    640     2.63      0.21 
    719     2.40      0.19 
    800     2.28      0.18 
    880     2.44      0.18 
    959     2.55      0.19 
   1040     2.60      0.21 
   1120     2.29      0.20 
   1200     2.26      0.21 
   1280     2.62      0.21 
   1360     2.27      0.19 
   1440     2.40      0.20 
   1520     2.77      0.21 
   1600     2.62      0.20 
   1680     2.42      0.19 
   1760     2.21      0.18 
   1840     2.33      0.18 
   1920     2.77      0.21 
   2000     2.33      0.19 
   2080     2.22      0.18 
   2160     2.50      0.19 
   2240     2.26      0.18 
   2320     2.43      0.18 
   2400     2.20      0.18 
   2480     2.64      0.19 
   2560     2.44      0.18 
   2640     2.63      0.19 
   2720     2.62      0.19 
   2800     2.16      0.17 
   2880     2.40      0.18 
   2960     3.01      0.20 
   3040     2.30      0.18 
   3120     2.57      0.19 
   3200     2.20      0.18 
   3280     2.41      0.18 
   3360     2.64      0.19 
   3440     1.93      0.17 
   3520     2.25      0.18 
   3600     2.23      0.18 
   3680     2.42      0.18 
   3760     2.40      0.18 
   3840     2.56      0.19 
   3920     2.24      0.18 
   4000     2.30      0.18 
   4080     2.47      0.19 
   4160     2.26      0.18 
   4240     2.34      0.18 
   4320     1.93      0.16 
   4400     2.10      0.17 
   4480     2.10      0.17 
   4560     1.90      0.17 
   4640     1.70      0.16 
   4720     2.11      0.17 
   4800     2.24      0.18 
   4880     2.08      0.17 
   4960     1.96      0.16 
   5040     2.43      0.18 
   5120     2.34      0.18 
   5200     2.34      0.18 
   5279     2.24      0.17 
   5360     2.05      0.17 
   5439     2.30      0.18 
   5520     2.09      0.17 
   5599     2.46      0.18 
   5679     2.03      0.17 
   5759     2.11      0.17 
   5839     1.87      0.16 
   5919     2.02      0.17 
   6000     1.98      0.17 
   6079     2.16      0.17 
   6159     2.07      0.18 
   6239     2.30      0.18 
   6320     2.06      0.17 
   6400     2.28      0.18 
   6479     1.85      0.16 
   6559     1.91      0.17 
   6640     2.16      0.17 
   6720     1.97      0.16 
   6799     2.05      0.17 
   6879     1.99      0.17 
   6959     2.32      0.18 
   7040     2.22      0.18 
   7119     1.82      0.16 
   7199     2.08      0.18 
   7279     2.04      0.17 
   7359     1.90      0.17 
   7439     2.07      0.18 
   7520     2.04      0.17 
   7600     2.21      0.17 
   7680     1.86      0.16 
   7760     2.17      0.17 
   7840     2.19      0.18 
   7920     1.88      0.17 
   8000     2.05      0.17 
   8080     2.04      0.17 
   8160     1.90      0.16 
   8240     2.21      0.18 
   8320     2.02      0.17 
   8400     2.11      0.17 
   8480     2.28      0.18 
   8559     1.98      0.16 
   8640     2.31      0.18 
   8720     1.83      0.16 
   8800     2.04      0.17 
   8879     2.06      0.17 
   8959     2.12      0.17 
   9040     1.89      0.17 
   9120     2.12      0.17 
   9199     1.94      0.17 
   9279     2.09      0.17 
   9359     2.26      0.18 
   9440     2.16      0.17 
   9519     1.96      0.17 
   9599     1.95      0.16 
   9679     2.03      0.17 
   9759     2.13      0.17 
   9839     2.05      0.17 
   9919     1.93      0.17 
  10000     2.01      0.17 
  10080     2.21      0.17 
  10160     2.11      0.17 
  10240     2.08      0.17 
  10320     2.21      0.18 
  10400     2.30      0.18 
  10480     2.15      0.17 
  10560     1.90      0.16 
  10640     2.01      0.17 
  10720     2.24      0.17 
  10800     2.17      0.17 
  10880     2.18      0.17 
  10960     1.97      0.17 
  11040     2.02      0.17 
  11120     1.99      0.16 
  11200     2.09      0.17 
  11280     1.93      0.17 
  11360     1.98      0.17 
  11440     2.10      0.17 
  11520     2.10      0.17 
  11600     2.01      0.17 
  11680     1.81      0.16 
  11760     1.91      0.16 
  11840     1.97      0.17 
  11920     1.85      0.16 
  12000     2.05      0.17 
  12080     1.99      0.17 
  12160     1.92      0.17 
  12240     2.26      0.18 
  12320     1.89      0.16 
  12400     2.25      0.18 
  12480     2.13      0.17 
  12560     1.88      0.16 
  12640     2.00      0.16 
  12720     2.17      0.18 
  12800     2.01      0.17 
  12880     1.98      0.17 
  12960     1.92      0.16 
  13040     1.98      0.17 
  13120     1.94      0.16 
  13200     2.00      0.17 
  13280     2.17      0.17 
  13360     2.03      0.17 
  13440     2.28      0.18 
  13520     1.86      0.17 
  13600     2.05      0.17 
  13680     2.04      0.17 
  13760     2.13      0.17 
  13840     1.58      0.15 
  13920     1.91      0.16 
  14000     2.06      0.17 
  14080     1.67      0.15 
  14160     2.30      0.17 
  14240     2.06      0.17 
  14320     2.30      0.18 
  14400     1.99      0.17 
  14480     2.19      0.17 
  14560     1.95      0.16 
  14640     2.04      0.17 
  14720     2.11      0.17 
  14800     2.18      0.17 
  14880     1.93      0.17 
  14960     2.06      0.17 
  15040     1.91      0.16 
  15120     1.71      0.16 
  15200     2.25      0.17 
  15280     1.94      0.17 
  15360     1.97      0.17 
  15440     2.01      0.17 
  15520     1.91      0.16 
  15600     2.03      0.17 
  15680     2.27      0.18 
  15760     2.32      0.18 
  15840     2.11      0.18 
  15920     2.38      0.18 
  16000     2.16      0.17 
  16080     2.05      0.17 
  16160     2.02      0.17 
  16240     2.21      0.18 
  16320     2.45      0.19 
  16400     2.30      0.18 
  16480     2.17      0.17 
  16560     2.30      0.18 
  16640     2.53      0.19 
  16720     2.47      0.19 
  16800     2.18      0.18 
  16880     2.43      0.18 
  16960     2.40      0.18 
  17040     2.60      0.19 
  17120     2.40      0.18 
  17200     2.51      0.19 
  17280     2.59      0.19 
  17360     2.54      0.19 
  17440     2.67      0.19 
  17520     2.58      0.19 
  17600     2.35      0.18 
  17680     1.97      0.17 
  17760     2.51      0.18 
  17840     2.66      0.19 
  17920     2.46      0.18 
  18000     2.55      0.19 
  18080     2.58      0.19 
  18160     2.32      0.18 
  18240     2.41      0.18 
  18320     2.49      0.18 
  18400     2.48      0.19 
  18480     1.90      0.17 
  18560     2.45      0.18 
  18640     2.61      0.19 
  18720     2.60      0.19 
  18800     2.57      0.19 
  18880     2.69      0.19 
  18960     2.38      0.18 
  19040     2.01      0.17 
  19120     2.45      0.18 
  19200     2.19      0.17 
  19280     2.57      0.19 
  19360     2.45      0.18 
  19440     2.16      0.18 
  19520     2.37      0.18 
  19600     2.27      0.17 
  19680     2.28      0.18 
  19760     2.27      0.18 
  19840     2.52      0.19 
  19920     2.58      0.19 
  20000     2.33      0.18 
  20080     2.29      0.18 
  20160     2.36      0.18 
  20240     2.13      0.18 
  20320     2.41      0.18 
  20400     2.27      0.18 
  20480     2.27      0.17 
  20560     2.51      0.19 
  20640     2.39      0.18 
  20720     2.23      0.18 
  20800     2.18      0.17 
  20880     2.57      0.19 
  20960     2.28      0.18 
  21040     2.19      0.18 
  21120     2.64      0.19 
  21200     2.18      0.17 
  21280     2.75      0.19 
  21360     2.38      0.18 
  21440     2.52      0.19 
  21520     2.59      0.19 
  21600     2.49      0.19 
  21680     2.92      0.20 
  21760     3.27      0.21 
  21840     3.76      0.22 
  21920     4.20      0.24 
  22000     4.35      0.24 
  22080     4.15      0.23 
  22160     4.72      0.25 
  22240     5.01      0.26 
  22320     4.67      0.25 
  22400     4.73      0.25 
  22480     4.74      0.26 
  22560     5.31      0.27 
  22640     4.71      0.25 
  22720     5.07      0.26 
  22800     5.34      0.27 
  22880     4.98      0.26 
  22960     5.62      0.27 
  23040     5.28      0.26 
  23120     5.75      0.28 
  23200     5.29      0.26 
  23280     5.28      0.27 
  23360     4.71      0.25 
  23440     5.24      0.26 
  23520     4.60      0.25 
  23600     4.55      0.25 
  23680     4.41      0.24 
  23760     4.72      0.25 
  23840     4.78      0.25 
  23920     4.54      0.25 
  24000     4.77      0.25 
  24080     4.82      0.25 
  24160     4.45      0.24 
  24240     4.25      0.24 
  24320     4.25      0.24 
  24400     3.99      0.24 
  24480     4.03      0.23 
  24560     4.03      0.23 
  24640     4.22      0.24 
  24720     3.78      0.22 
  24800     4.13      0.24 
  24880     4.36      0.24 
  24960     3.93      0.23 
  25040     3.99      0.23 
  25120     4.23      0.24 
  25200     3.81      0.23 
  25280     4.13      0.24 
  25360     4.03      0.23 
  25440     4.16      0.23 
  25520     4.40      0.24 
  25600     4.23      0.24 
  25680     3.99      0.23 
  25760     3.81      0.23 
  25840     4.11      0.24 
  25920     4.22      0.24 
  26000     4.25      0.24 
  26080     3.88      0.23 
  26160     3.71      0.23 
  26240     4.18      0.24 
  26320     4.03      0.24 
  26400     4.18      0.24 
  26480     3.81      0.23 
  26560     4.00      0.23 
  26640     4.03      0.23 
  26720     4.20      0.24 
  26800     4.08      0.23 
  26880     4.32      0.24 
  26960     3.89      0.23 
  27040     3.71      0.22 
  27120     4.38      0.24 
  27200     4.26      0.24 
  27280     3.66      0.22 
  27360     4.25      0.24 
  27440     4.09      0.24 
  27520     3.86      0.23 
  27600     3.84      0.23 
  27680     4.52      0.24 
  27760     3.54      0.22 
  27840     3.82      0.22 
  27920     4.40      0.24 
  28000     4.09      0.23 
  28080     4.15      0.23 
  28160     4.46      0.24 
  28240     4.49      0.25 
  28320     4.08      0.23 
  28400     3.85      0.23 
  28480     3.95      0.23 
  28560     3.57      0.22 
  28640     3.81      0.23 
  28720     4.30      0.24 
  28800     3.59      0.22 
  28880     4.06      0.23 
  28960     4.12      0.23 
  29040     3.89      0.23 
  29120     3.81      0.23 
  29200     3.90      0.23 
  29280     4.04      0.23 
  29360     3.92      0.23 
  29440     3.88      0.23 
  29520     3.83      0.23 
  29600     3.67      0.22 
  29680     3.59      0.22 
  29760     3.56      0.22 
  29839     3.64      0.22 
  29920     3.70      0.22 
  30000     3.63      0.22 
  30080     3.43      0.21 
  30160     3.93      0.23 
  30240     3.51      0.22 
  30320     3.90      0.23 
  30400     3.67      0.22 
  30480     3.66      0.22 
  30560     3.73      0.23 
  30640     3.46      0.23 
  30720     3.62      0.22 
  30800     3.51      0.21 
  30880     3.35      0.21 
  30960     3.33      0.21 
  31040     2.87      0.20 
  31120     3.71      0.22 
  31200     3.15      0.21 
  31280     3.23      0.21 
  31360     3.03      0.20 
  31440     3.01      0.20 
  31520     3.31      0.22 
  31600     3.15      0.21 
  31680     2.88      0.20 
  31760     3.09      0.21 
  31840     2.91      0.20 
  31920     2.97      0.20 
  32000     2.70      0.19 
  32080     3.26      0.21 
  32160     3.08      0.20 
  32239     2.95      0.20 
  32320     3.01      0.20 
  32400     2.82      0.20 
  32480     2.83      0.20 
  32560     3.35      0.21 
  32640     2.72      0.19 
  32720     2.86      0.20 
  32800     2.84      0.20 
  32880     2.74      0.19 
  32960     2.73      0.19 
  33040     2.95      0.20 
  33120     2.47      0.19 
  33200     2.73      0.19 
  33280     2.92      0.20 
  33360     2.65      0.19 
  33440     2.73      0.19 
  33519     2.50      0.18 
  33600     2.36      0.18 
  33680     3.01      0.20 
  33760     2.63      0.19 
  33839     2.83      0.20 
  33920     3.10      0.20 
  34000     2.20      0.18 
  34080     2.50      0.19 
  34160     2.60      0.19 
  34239     2.40      0.18 
  34320     2.29      0.18 
  34400     2.36      0.18 
  34480     2.20      0.17 
  34560     2.16      0.18 
  34640     2.52      0.18 
  34720     2.65      0.19 
  34800     2.54      0.19 
  34880     2.45      0.19 
  34960     2.09      0.17 
  35040     2.76      0.19 
  35120     2.53      0.19 
  35200     2.49      0.18 
  35280     2.60      0.19 
  35360     2.37      0.18 
  35439     2.33      0.18 
  35520     2.13      0.17 
  35600     2.18      0.18 
  35680     2.13      0.18 
  35760     2.24      0.17 
  35839     2.30      0.18 
  35920     2.42      0.18 
  36000     2.17      0.17 
  36080     2.48      0.18 
  36160     2.27      0.18 
  36239     2.17      0.18 
  36320     2.28      0.18 
  36400     2.18      0.18 
  36480     2.28      0.18 
  36560     2.40      0.18 
  36640     2.21      0.18 
  36720     2.60      0.18 
  36800     2.28      0.18 
  36880     2.11      0.17 
  36960     2.02      0.17 
  37040     2.54      0.19 
  37120     2.25      0.18 
  37200     1.88      0.16 
  37280     2.15      0.17 
  37360     1.95      0.16 
  37440     2.44      0.18 
  37520     2.10      0.17 
  37600     2.17      0.17 
  37680     2.76      0.20 
  37760     2.15      0.17 
  37840     2.34      0.18 
  37920     2.33      0.18 
  38000     2.50      0.18 
  38080     2.39      0.18 
  38160     2.38      0.18 
  38240     2.74      0.20 
  38320     2.57      0.19 
  38400     2.85      0.20 
  38480     2.62      0.19 
  38560     2.75      0.19 
  38640     2.87      0.20 
  38720     2.87      0.20 
  38800     3.23      0.21 
  38880     2.99      0.20 
  38960     3.20      0.21 
  39040     3.11      0.20 
  39120     3.49      0.22 
  39200     3.13      0.21 
  39280     3.26      0.21 
  39360     3.16      0.21 
  39440     3.41      0.22 
  39519     3.29      0.21 
  39600     3.20      0.21 
  39680     3.15      0.21 
  39760     3.23      0.21 
  39840     3.13      0.21 
  39920     3.13      0.20 
  40000     2.76      0.20 
  40080     2.75      0.19 
  40160     3.16      0.21 
  40239     3.06      0.20 
  40320     2.93      0.20 
  40400     2.57      0.19 
  40480     2.42      0.18 
  40560     2.37      0.18 
  40640     2.74      0.19 
  40720     2.67      0.19 
  40800     2.36      0.18 
  40880     2.75      0.19 
  40960     2.73      0.19 
  41040     2.39      0.18 
  41120     2.19      0.18 
  41200     2.61      0.19 
  41280     2.37      0.18 
  41360     2.58      0.19 
  41440     2.32      0.18 
  41519     2.04      0.17 
  41600     2.44      0.18 
  41680     2.46      0.18 
  41760     2.27      0.18 
  41839     2.43      0.18 
  41920     2.64      0.19 
  42000     2.53      0.19 
  42080     2.19      0.18 
  42160     2.03      0.17 
  42239     2.13      0.17 
  42320     2.29      0.18 
  42400     1.76      0.16 
  42480     2.19      0.17 
  42560     2.38      0.18 
  42640     2.21      0.18 
  42720     2.38      0.18 
  42799     1.91      0.17 
  42880     2.05      0.17 
  42960     2.37      0.18 
  43040     2.29      0.18 
  43119     2.22      0.17 
  43200     1.99      0.17 
  43280     2.21      0.17 
  43360     2.00      0.17 
  43440     2.30      0.18 
  43519     1.92      0.17 
  43600     2.38      0.18 
  43680     2.09      0.17 
  43760     2.15      0.17 
  43840     2.09      0.17 
  43920     2.06      0.17 
  44000     2.30      0.17 
  44080     1.80      0.16 
  44160     2.25      0.17 
  44240     1.99      0.17 
  44320     1.84      0.16 
  44400     1.81      0.16 
  44480     1.90      0.16 
  44560     2.10      0.17 
  44640     2.00      0.16 
  44719     1.93      0.16 
  44800     2.13      0.17 
  44880     1.77      0.16 
  44960     1.87      0.16 
  45040     2.31      0.18 
  45119     2.08      0.17 
  45200     2.06      0.17 
  45280     2.08      0.17 
  45360     1.99      0.17 
  45440     1.79      0.16 
  45519     2.13      0.17 
  45600     2.07      0.17 
  45680     1.90      0.16 
  45760     1.74      0.16 
  45840     1.99      0.17 
  45920     1.87      0.17 
  46000     1.97      0.17 
  46080     1.71      0.16 
  46160     1.87      0.16 
  46240     2.17      0.17 
  46320     1.74      0.16 
  46400     1.81      0.16 
  46480     1.90      0.16 
  46560     1.79      0.16 
  46640     1.88      0.16 
  46720     2.03      0.16 
  46800     1.98      0.17 
  46880     2.04      0.17 
  46960     1.90      0.16 
  47040     2.03      0.17 
  47120     1.67      0.16 
  47200     1.82      0.16 
  47280     2.03      0.17 
  47360     1.80      0.16 
  47440     1.66      0.16 
  47520     1.88      0.16 
  47600     1.74      0.15 
  47680     2.15      0.17 
  47760     1.66      0.15 
  47840     1.87      0.16 
  47920     1.62      0.15 
  48000     1.62      0.15 
  48080     2.14      0.17 
  48160     1.79      0.16 
  48240     1.96      0.16 
  48320     1.54      0.15 
  48400     1.49      0.15 
  48480     1.71      0.15 
  48560     1.51      0.15 
  48640     1.72      0.15 
  48720     1.82      0.16 
  48800     1.75      0.16 
  48880     1.84      0.16 
  48960     1.81      0.16 
  49040     1.81      0.16 
  49120     1.61      0.15 
  49200     1.86      0.16 
  49280     2.02      0.17 
  49360     1.92      0.16 
  49440     1.40      0.14 
  49520     1.65      0.15 
  49600     1.99      0.17 
  49680     1.92      0.16 
  49760     1.85      0.16 
  49840     2.00      0.16 
  49920     2.06      0.17 
  50000     2.03      0.17 
  50080     1.51      0.15 
  50160     1.74      0.16 
  50239     1.68      0.15 
  50319     1.91      0.16 
  50400     1.73      0.16 
  50480     2.06      0.17 
  50560     2.00      0.17 
  50639     1.66      0.15 
  50719     2.06      0.17 
  50800     1.78      0.16 
  50880     1.43      0.15 
  50960     1.65      0.16 
  51039     1.87      0.17 
  51119     2.10      0.17 
  51200     1.56      0.15 
  51279     1.95      0.16 
  51360     1.89      0.16 
  51439     1.86      0.16 
  51519     2.00      0.17 
  51600     2.06      0.17 
  51679     1.76      0.16 
  51760     1.99      0.16 
  51839     1.78      0.15 
  51919     1.67      0.16 
  52000     1.68      0.16 
  52080     1.81      0.16 
  52160     1.72      0.15 
  52239     1.79      0.16 
  52320     1.82      0.16 
  52400     1.59      0.15 
  52479     2.08      0.17 
  52560     1.59      0.15 
  52639     1.78      0.16 
  52720     1.76      0.16 
  52799     1.97      0.16 
  52879     1.88      0.16 
  52960     1.60      0.15 
  53039     1.79      0.16 
  53120     1.83      0.16 
  53200     1.80      0.16 
  53279     1.96      0.17 
  53360     1.89      0.16 
  53439     2.02      0.17 
  53520     1.70      0.15 
  53600     1.89      0.16 
  53679     2.02      0.17 
  53760     2.01      0.16 
  53839     1.91      0.17 
  53920     2.02      0.17 
  54000     2.08      0.17 
  54079     1.90      0.17 
  54160     1.88      0.17 
  54239     1.76      0.16 
  54320     1.98      0.17 
  54399     2.11      0.17 
  54479     1.86      0.17 
  54560     2.17      0.17 
  54639     2.52      0.18 
  54720     2.22      0.17 
  54799     2.14      0.17 
  54879     2.36      0.18 
  54960     2.17      0.18 
  55040     2.15      0.18 
  55120     1.81      0.16 
  55200     1.94      0.17 
  55279     1.97      0.17 
  55359     2.03      0.17 
  55440     1.95      0.17 
  55520     2.24      0.18 
  55600     1.84      0.16 
  55679     1.53      0.15 
  55760     2.19      0.17 
  55840     2.07      0.17 
  55920     1.99      0.17 
  55999     1.75      0.16 
  56079     1.84      0.16 
  56160     2.01      0.16 
  56240     2.02      0.17 
  56320     2.11      0.17 
  56399     1.80      0.16 
  56479     2.00      0.17 
  56560     1.81      0.16 
  56640     2.05      0.17 
  56720     1.65      0.16 
  56799     1.85      0.16 
  56879     1.90      0.16 
  56959     1.84      0.16 
  57040     1.79      0.16 
  57120     2.10      0.17 
  57200     2.37      0.18 
  57279     2.39      0.18 
  57359     2.28      0.18 
  57440     2.00      0.17 
  57520     2.35      0.18 
  57599     2.39      0.18 
  57679     2.44      0.18 
  57760     2.45      0.18 
  57840     2.11      0.17 
  57919     2.17      0.17 
  57999     2.15      0.17 
  58079     1.90      0.16 
  58160     1.94      0.16 
  58240     2.00      0.20 
