#  Table rgs12o12_b50_04c_0133120201.lc[1]  Wed 15:44:45 27-Nov-2013

#   TIME     RATE1    ERROR1 
#    s      count/s   count/s 
              
      0     3.24      0.31 
     50     3.07      0.24 
    100     2.96      0.32 
    150     3.17      0.26 
    200     3.43      0.30 
    250     3.35      0.24 
    300     3.06      0.29 
    350     3.13      0.28 
    400     2.89      0.35 
    450     3.35      0.25 
    500     3.03      0.32 
    550     3.06      0.23 
    600     3.12      0.29 
    650     3.48      0.25 
    699     2.95      0.29 
    750     3.43      0.27 
    800     2.84      0.28 
    849     2.75      0.22 
    900     2.88      0.28 
    949     2.80      0.25 
   1000     2.89      0.28 
   1050     2.86      0.23 
   1100     2.74      0.28 
   1150     3.09      0.25 
   1200     2.73      0.28 
   1250     3.45      0.25 
   1300     2.80      0.28 
   1350     2.73      0.22 
   1400     2.65      0.28 
   1450     3.43      0.26 
   1500     2.67      0.27 
   1550     3.03      0.23 
   1600     3.10      0.29 
   1650     2.88      0.23 
   1700     3.24      0.29 
   1750     2.98      0.25 
   1800     2.77      0.27 
   1850     3.23      0.24 
   1900     2.95      0.32 
   1950     2.84      0.25 
   2000     3.17      0.34 
   2050     3.37      0.24 
   2100     2.62      0.27 
   2150     3.23      0.24 
   2200     2.58      0.27 
   2250     3.76      0.26 
   2300     3.52      0.37 
   2350     3.39      0.25 
   2400     2.98      0.29 
   2450     3.59      0.25 
   2500     3.15      0.32 
   2550     3.14      0.26 
   2600     3.48      0.31 
   2650     3.72      0.25 
   2700     3.12      0.29 
   2750     2.95      0.26 
   2800     3.30      0.31 
   2850     3.20      0.25 
   2900     3.52      0.30 
   2950     3.22      0.24 
   3000     3.56      0.36 
   3050     3.68      0.27 
   3100     3.35      0.30 
   3150     3.34      0.24 
   3200     3.09      0.29 
   3250     3.56      0.29 
   3300     3.54      0.39 
   3350     2.81      0.22 
   3400     2.65      0.30 
   3450     3.09      0.23 
   3500     2.62      0.27 
   3550     3.16      0.23 
   3600     3.89      0.32 
   3650     3.39      0.24 
   3700     3.59      0.31 
   3750     3.21      0.24 
   3800     2.91      0.28 
   3850     3.82      0.28 
   3900     3.30      0.30 
   3950     3.65      0.26 
   4000     3.62      0.33 
   4050     2.90      0.23 
   4100     3.02      0.29 
   4150     3.15      0.25 
   4200     3.35      0.30 
   4250     3.33      0.24 
   4300     2.95      0.28 
   4349     3.28      0.24 
   4400     3.45      0.31 
   4450     2.90      0.25 
   4500     2.86      0.28 
   4550     3.27      0.24 
   4600     3.32      0.30 
   4650     2.92      0.23 
   4700     3.64      0.36 
   4750     3.28      0.24 
   4800     3.41      0.30 
   4850     3.03      0.26 
   4900     3.08      0.29 
   4950     3.43      0.27 
   5000     3.07      0.29 
   5050     3.07      0.23 
   5100     3.26      0.30 
   5150     3.16      0.24 
   5200     3.28      0.29 
   5250     3.24      0.24 
   5300     3.03      0.29 
   5349     3.09      0.23 
   5400     3.05      0.35 
   5450     3.07      0.23 
   5500     3.38      0.30 
   5549     2.94      0.24 
   5599     2.67      0.27 
   5650     3.09      0.25 
   5700     2.63      0.27 
   5749     3.01      0.23 
   5799     2.68      0.30 
   5849     3.09      0.23 
   5900     3.10      0.29 
   5949     2.85      0.22 
   6000     2.90      0.28 
   6049     2.91      0.24 
   6099     3.13      0.29 
   6149     3.30      0.24 
   6199     3.24      0.29 
   6250     3.59      0.26 
   6300     2.94      0.29 
   6350     3.25      0.24 
   6400     4.07      0.33 
   6450     3.63      0.25 
   6500     2.74      0.28 
   6550     3.23      0.26 
   6599     3.28      0.30 
   6650     2.61      0.23 
   6700     3.30      0.33 
   6750     3.46      0.25 
   6799     3.00      0.28 
   6849     3.03      0.26 
   6900     3.42      0.30 
   6950     3.31      0.24 
   6999     3.03      0.28 
   7049     2.91      0.23 
   7099     3.44      0.35 
   7150     3.53      0.25 
   7199     3.55      0.31 
   7249     3.27      0.24 
   7299     3.47      0.30 
   7349     2.78      0.24 
   7399     2.89      0.28 
   7449     3.03      0.23 
   7500     2.93      0.28 
   7550     3.06      0.23 
   7600     3.33      0.33 
   7650     3.47      0.25 
   7700     2.93      0.28 
   7750     3.50      0.25 
   7800     3.23      0.30 
   7849     2.60      0.24 
   7900     3.28      0.29 
   7950     3.11      0.23 
   8000     3.49      0.30 
   8050     3.03      0.25 
   8099     2.77      0.28 
   8150     3.64      0.27 
   8199     3.33      0.35 
   8249     3.37      0.26 
   8300     3.48      0.30 
   8349     3.55      0.25 
   8400     2.51      0.27 
   8449     3.20      0.25 
   8499     3.39      0.30 
   8550     3.60      0.25 
   8599     3.05      0.28 
   8649     3.69      0.28 
   8699     3.20      0.34 
   8750     3.17      0.23 
   8800     3.66      0.31 
   8850     3.40      0.24 
   8900     2.97      0.28 
   8949     3.66      0.28 
   9000     3.05      0.28 
   9050     3.15      0.24 
   9099     3.17      0.30 
   9150     3.36      0.25 
   9199     3.20      0.35 
   9250     3.22      0.24 
   9300     2.81      0.27 
   9349     3.35      0.24 
   9400     3.61      0.31 
   9449     2.76      0.22 
   9499     3.37      0.32 
   9550     2.62      0.22 
   9599     3.18      0.28 
   9650     2.76      0.22 
   9699     3.32      0.30 
   9749     3.15      0.23 
   9800     3.36      0.30 
   9849     3.04      0.23 
   9899     2.95      0.28 
   9949     2.69      0.24 
  10000     3.11      0.29 
  10050     2.94      0.25 
  10100     3.03      0.29 
  10150     3.15      0.23 
  10200     3.40      0.33 
  10250     2.79      0.28 
  10300     2.72      0.27 
  10350     2.88      0.23 
  10400     2.76      0.27 
  10450     2.77      0.26 
  10500     2.80      0.31 
  10550     3.36      0.24 
  10600     3.33      0.30 
  10650     2.96      0.23 
  10700     3.00      0.36 
  10750     2.78      0.24 
  10800     3.47      0.30 
  10850     2.99      0.23 
  10900     2.89      0.28 
  10950     3.02      0.24 
  11000     2.88      0.28 
  11050     2.84      0.23 
  11100     3.12      0.29 
  11150     3.43      0.25 
  11200     3.00      0.28 
  11250     3.15      0.27 
  11300     3.45      0.32 
  11350     3.04      0.23 
  11400     3.32      0.30 
  11450     3.45      0.26 
  11500     3.74      0.31 
  11550     2.91      0.23 
  11600     2.90      0.32 
  11650     2.99      0.24 
  11700     3.00      0.28 
  11750     2.75      0.24 
  11800     2.73      0.27 
  11850     3.08      0.23 
  11900     2.84      0.28 
  11950     2.85      0.22 
  12000     2.73      0.27 
  12050     3.25      0.24 
  12100     2.70      0.27 
  12150     3.04      0.25 
  12200     3.87      0.32 
  12250     2.83      0.23 
  12300     3.25      0.29 
  12350     2.70      0.22 
  12400     3.10      0.29 
  12450     2.93      0.23 
  12500     3.46      0.30 
  12550     2.95      0.23 
  12600     2.97      0.28 
  12650     2.58      0.22 
  12700     3.10      0.29 
  12750     2.82      0.22 
  12800     2.67      0.26 
  12850     3.06      0.26 
  12900     3.61      0.33 
  12950     2.79      0.23 
  13000     3.10      0.29 
  13050     2.90      0.23 
  13100     3.07      0.29 
  13150     2.89      0.23 
  13200     2.40      0.26 
  13250     2.89      0.23 
  13300     2.59      0.27 
  13350     2.95      0.25 
  13400     2.91      0.32 
  13450     2.91      0.23 
  13500     2.88      0.28 
  13550     2.48      0.22 
  13600     3.17      0.30 
  13650     3.03      0.26 
  13700     3.08      0.29 
  13750     3.26      0.24 
  13800     3.51      0.31 
  13850     2.99      0.25 
  13900     2.92      0.27 
  13950     3.17      0.24 
  14000     3.00      0.28 
  14050     3.06      0.23 
  14100     2.90      0.28 
  14150     3.28      0.29 
  14200     3.41      0.30 
  14250     3.52      0.25 
  14300     3.33      0.30 
  14350     3.71      0.27 
  14400     3.23      0.29 
  14450     3.51      0.25 
  14500     3.38      0.30 
  14550     3.55      0.25 
  14600     3.72      0.31 
  14650     3.28      0.24 
  14700     3.94      0.32 
  14750     4.07      0.27 
  14800     4.14      0.39 
  14850     4.34      0.28 
  14900     4.89      0.36 
  14950     4.80      0.29 
  15000     4.61      0.34 
  15050     3.79      0.27 
  15100     4.40      0.34 
  15150     4.40      0.28 
  15200     4.41      0.34 
  15250     4.92      0.30 
  15300     4.75      0.40 
  15350     4.76      0.29 
  15400     4.90      0.36 
  15450     4.70      0.29 
  15500     4.80      0.35 
  15550     4.89      0.33 
  15600     5.25      0.37 
  15650     4.73      0.31 
  15700     5.36      0.38 
  15750     4.45      0.31 
  15800     5.09      0.36 
  15850     5.04      0.30 
  15900     4.40      0.39 
  15950     5.07      0.30 
  16000     5.18      0.37 
  16050     5.72      0.32 
  16100     4.78      0.35 
  16150     5.24      0.33 
  16200     4.69      0.35 
  16250     4.63      0.29 
  16300     5.20      0.37 
  16350     4.45      0.28 
  16400     5.13      0.37 
  16450     4.57      0.29 
  16500     4.94      0.36 
  16550     5.11      0.30 
  16600     4.43      0.34 
  16650     5.08      0.33 
  16700     5.00      0.39 
  16750     4.27      0.27 
  16800     5.14      0.40 
  16850     4.39      0.28 
  16900     4.45      0.35 
  16950     4.28      0.31 
  17000     4.41      0.34 
  17050     4.51      0.28 
  17100     4.23      0.33 
  17150     4.08      0.27 
  17200     4.40      0.34 
  17250     4.72      0.30 
  17300     4.67      0.36 
  17350     4.53      0.28 
  17400     4.08      0.38 
  17450     4.59      0.29 
  17500     4.72      0.39 
  17550     4.47      0.28 
  17600     4.21      0.33 
  17650     3.95      0.27 
  17700     4.19      0.34 
  17750     3.92      0.29 
  17800     4.05      0.33 
  17850     4.12      0.27 
  17900     4.33      0.39 
  17950     4.19      0.31 
  18000     3.67      0.31 
  18050     4.53      0.28 
  18100     4.11      0.33 
  18150     4.16      0.29 
  18200     4.05      0.39 
  18250     3.92      0.26 
  18300     4.17      0.33 
  18350     4.21      0.27 
  18400     4.30      0.37 
  18450     4.08      0.27 
  18500     4.46      0.34 
  18550     4.26      0.30 
  18600     3.87      0.32 
  18650     4.07      0.27 
  18700     4.06      0.33 
  18750     4.29      0.27 
  18800     4.09      0.36 
  18850     3.89      0.28 
  18900     4.68      0.35 
  18950     4.61      0.28 
  19000     3.62      0.31 
  19050     4.31      0.28 
  19100     4.38      0.34 
  19150     3.99      0.27 
  19200     3.56      0.33 
  19250     4.13      0.28 
  19300     4.13      0.39 
  19350     4.21      0.27 
  19400     4.30      0.33 
  19450     4.03      0.29 
  19500     3.63      0.31 
  19550     3.60      0.30 
  19600     4.44      0.34 
  19650     4.54      0.28 
  19700     4.10      0.38 
  19750     4.58      0.28 
  19800     3.90      0.32 
  19850     4.64      0.31 
  19900     4.20      0.33 
  19950     3.81      0.26 
  20000     3.83      0.32 
  20050     4.33      0.28 
  20100     4.20      0.36 
  20150     4.43      0.31 
  20200     4.61      0.35 
  20250     4.69      0.29 
  20300     4.55      0.39 
  20350     3.89      0.26 
  20400     4.54      0.34 
  20450     3.97      0.29 
  20500     4.09      0.33 
  20550     4.11      0.29 
  20600     4.43      0.34 
  20650     4.29      0.27 
  20700     4.56      0.39 
  20750     4.83      0.29 
  20800     4.23      0.29 
