#  Table rgs12o12_b70_18_0160362701.lc[1]  Fri 17:41:25 06-Dec-2013

#   TIME     RATE1    ERROR1 
#    s      count/s   count/s 
              
      0     2.85      0.23 
     69     2.78      0.20 
    140     2.40      0.22 
    210     2.44      0.19 
    280     2.73      0.22 
    350     2.49      0.19 
    420     2.45      0.23 
    490     2.92      0.20 
    559     3.34      0.25 
    630     3.21      0.21 
    699     3.01      0.24 
    770     2.72      0.20 
    840     2.97      0.23 
    909     2.29      0.19 
    980     2.93      0.24 
   1050     2.37      0.18 
   1120     2.60      0.22 
   1190     2.54      0.20 
   1260     2.57      0.23 
   1330     2.46      0.18 
   1400     2.77      0.23 
   1470     2.60      0.19 
   1540     2.10      0.20 
   1610     2.51      0.19 
   1680     2.66      0.23 
   1750     2.39      0.19 
   1820     2.17      0.21 
   1890     2.62      0.19 
   1960     2.75      0.23 
   2030     2.40      0.18 
   2100     2.77      0.23 
   2170     2.23      0.19 
   2240     2.61      0.23 
   2310     2.54      0.19 
   2380     2.37      0.21 
   2450     2.47      0.19 
   2520     2.16      0.21 
   2590     2.48      0.19 
   2660     2.59      0.22 
   2730     2.23      0.18 
   2800     2.02      0.20 
   2870     2.23      0.18 
   2940     1.86      0.19 
   3010     1.85      0.17 
   3080     2.22      0.21 
   3150     2.48      0.20 
   3220     2.49      0.22 
   3290     2.46      0.18 
   3360     2.36      0.22 
   3430     2.42      0.19 
   3500     2.44      0.22 
   3570     2.08      0.17 
   3640     2.78      0.23 
   3710     2.49      0.19 
   3780     2.24      0.21 
   3850     2.58      0.19 
   3920     2.86      0.23 
   3990     2.32      0.18 
   4060     2.64      0.22 
   4130     2.55      0.20 
   4200     2.40      0.22 
   4270     2.27      0.19 
   4340     2.54      0.22 
   4410     2.57      0.20 
   4480     2.79      0.24 
   4550     2.68      0.20 
   4620     2.58      0.22 
   4690     2.59      0.20 
   4760     2.20      0.21 
   4830     2.52      0.19 
   4900     2.40      0.21 
   4970     2.45      0.19 
   5040     2.55      0.22 
   5110     2.38      0.19 
   5180     1.83      0.20 
   5250     2.35      0.21 
   5320     2.15      0.21 
   5389     2.10      0.17 
   5460     1.88      0.20 
   5529     2.16      0.18 
   5599     2.39      0.22 
   5669     2.53      0.19 
   5740     2.64      0.23 
   5810     2.40      0.19 
   5879     2.51      0.23 
   5949     2.50      0.19 
   6020     2.57      0.23 
   6089     2.28      0.19 
   6159     2.75      0.23 
   6229     2.40      0.19 
   6300     2.44      0.21 
   6370     2.46      0.20 
   6440     2.40      0.21 
   6510     2.40      0.20 
   6580     2.50      0.22 
   6650     2.17      0.18 
   6720     2.83      0.23 
   6790     2.81      0.20 
   6859     2.64      0.23 
   6929     2.40      0.19 
   6999     2.40      0.23 
   7070     1.96      0.18 
   7140     2.25      0.22 
   7209     2.58      0.20 
   7279     2.13      0.21 
   7349     2.48      0.19 
   7419     2.21      0.21 
   7489     2.46      0.19 
   7560     2.46      0.24 
   7630     2.22      0.19 
   7700     1.87      0.19 
   7770     2.15      0.18 
   7840     2.43      0.21 
   7909     2.46      0.19 
   7979     2.52      0.22 
   8050     2.41      0.18 
   8120     2.15      0.21 
   8190     2.29      0.19 
   8259     2.44      0.22 
   8329     2.35      0.19 
   8400     2.29      0.22 
   8470     2.05      0.17 
   8540     2.28      0.21 
   8609     2.17      0.18 
   8679     2.36      0.21 
   8750     2.19      0.18 
   8820     1.98      0.20 
   8890     2.39      0.18 
   8959     2.02      0.20 
   9029     2.35      0.19 
   9099     2.37      0.21 
   9170     2.18      0.19 
   9240     2.45      0.22 
   9309     2.39      0.18 
   9379     2.33      0.22 
   9449     2.21      0.18 
   9519     2.79      0.23 
   9589     2.43      0.19 
   9659     2.07      0.20 
   9730     2.11      0.18 
   9800     2.16      0.20 
   9870     1.87      0.16 
   9940     2.54      0.22 
  10010     2.51      0.19 
  10080     2.31      0.22 
  10150     2.50      0.19 
  10220     2.42      0.22 
  10290     1.91      0.17 
  10360     2.33      0.22 
  10430     2.35      0.18 
  10500     2.17      0.22 
  10570     2.53      0.19 
  10640     2.26      0.21 
  10710     2.17      0.18 
  10780     1.79      0.19 
  10850     2.13      0.18 
  10920     2.22      0.21 
  10990     2.07      0.18 
  11060     2.63      0.23 
  11130     2.23      0.18 
  11200     2.28      0.21 
  11270     2.46      0.19 
  11340     2.18      0.20 
  11410     2.24      0.18 
  11480     2.61      0.23 
  11550     2.60      0.20 
  11620     2.58      0.22 
  11690     2.38      0.19 
  11760     2.27      0.21 
  11830     2.37      0.19 
  11900     2.65      0.23 
  11970     2.65      0.20 
  12040     2.61      0.22 
  12110     2.77      0.21 
  12180     2.89      0.24 
  12250     2.80      0.20 
  12320     2.41      0.21 
  12390     2.22      0.19 
  12460     2.67      0.23 
  12530     2.59      0.19 
  12600     2.39      0.21 
  12670     2.13      0.18 
  12740     2.54      0.22 
  12810     2.63      0.19 
  12880     2.69      0.22 
  12950     2.21      0.18 
  13020     2.47      0.22 
  13090     2.52      0.19 
  13160     2.89      0.24 
  13230     2.30      0.18 
  13300     2.76      0.23 
  13370     2.41      0.18 
  13440     2.66      0.23 
  13510     2.53      0.19 
  13580     2.32      0.22 
  13650     2.59      0.20 
  13720     2.65      0.22 
  13790     2.84      0.20 
  13860     2.24      0.21 
  13930     2.51      0.19 
  14000     2.30      0.22 
  14070     2.80      0.20 
  14140     2.60      0.22 
  14210     2.54      0.20 
  14280     2.59      0.23 
  14350     2.58      0.19 
  14420     2.78      0.23 
  14490     2.93      0.21 
  14560     2.91      0.23 
  14630     2.45      0.20 
  14700     2.42      0.22 
  14770     2.71      0.21 
  14840     2.76      0.23 
  14910     2.70      0.20 
  14980     2.65      0.23 
  15050     2.65      0.19 
  15120     2.61      0.22 
  15190     2.54      0.19 
  15260     2.36      0.22 
  15330     2.80      0.21 
  15400     3.00      0.25 
  15470     2.58      0.20 
  15540     2.65      0.23 
  15610     2.60      0.20 
  15680     2.69      0.23 
  15750     2.69      0.19 
  15820     2.76      0.23 
  15890     2.34      0.19 
  15960     1.99      0.19 
  16030     2.97      0.20 
  16100     2.41      0.21 
  16170     2.76      0.20 
  16240     2.65      0.23 
  16310     2.44      0.19 
  16380     2.39      0.22 
  16450     2.56      0.19 
  16520     2.51      0.22 
  16590     2.58      0.19 
  16660     2.66      0.23 
  16730     2.63      0.21 
  16800     2.24      0.21 
  16870     2.13      0.18 
  16940     2.71      0.24 
  17010     2.51      0.19 
  17080     2.77      0.23 
  17150     2.76      0.20 
  17220     2.57      0.22 
  17290     2.93      0.20 
  17360     2.52      0.21 
  17430     2.72      0.20 
  17500     2.54      0.22 
  17570     2.13      0.18 
  17640     2.40      0.22 
  17710     2.48      0.19 
  17780     2.39      0.21 
  17850     2.55      0.19 
  17920     2.22      0.21 
  17990     2.05      0.17 
  18060     2.62      0.23 
  18130     2.49      0.19 
  18200     2.52      0.22 
  18270     2.43      0.18 
  18340     2.51      0.21 
  18410     2.39      0.19 
  18480     2.15      0.21 
  18550     2.51      0.19 
  18620     2.73      0.23 
  18690     2.84      0.20 
  18760     2.78      0.23 
  18830     2.73      0.20 
  18900     2.70      0.23 
  18970     2.85      0.20 
  19040     2.83      0.24 
  19110     2.61      0.19 
  19180     2.58      0.23 
  19250     2.42      0.18 
  19320     2.45      0.23 
  19390     2.51      0.19 
  19460     2.91      0.24 
  19530     2.46      0.19 
  19600     2.41      0.23 
  19670     2.49      0.19 
  19740     2.23      0.21 
  19810     2.58      0.19 
  19880     2.46      0.22 
  19950     2.36      0.19 
  20020     2.36      0.21 
  20090     2.60      0.20 
  20160     2.72      0.23 
  20230     2.55      0.19 
  20300     2.07      0.20 
  20370     2.48      0.19 
  20440     2.36      0.22 
  20510     2.74      0.20 
  20580     2.58      0.22 
  20650     2.65      0.20 
  20720     2.44      0.22 
  20790     2.43      0.18 
  20860     2.77      0.23 
  20930     2.36      0.19 
  21000     2.54      0.23 
  21070     2.83      0.20 
  21140     2.46      0.22 
  21210     2.74      0.20 
  21280     2.44      0.23 
  21350     3.01      0.21 
  21420     1.91      0.20 
  21490     2.65      0.20 
  21560     2.65      0.22 
  21630     2.38      0.18 
  21700     2.59      0.22 
  21770     2.28      0.18 
  21840     3.01      0.24 
  21910     2.38      0.19 
  21980     2.85      0.23 
  22050     2.83      0.21 
  22120     2.25      0.21 
  22190     2.19      0.19 
  22260     2.45      0.22 
  22330     2.39      0.18 
  22400     2.59      0.22 
  22470     2.07      0.18 
  22540     2.44      0.22 
  22610     2.42      0.19 
  22680     2.28      0.21 
  22750     2.26      0.18 
  22820     2.57      0.22 
  22890     2.56      0.19 
  22960     3.01      0.24 
  23030     2.22      0.18 
  23100     2.79      0.23 
  23170     2.31      0.19 
  23240     2.64      0.22 
  23310     2.36      0.19 
  23380     2.42      0.23 
  23450     2.59      0.19 
  23520     2.16      0.20 
  23590     2.31      0.18 
  23660     2.55      0.22 
  23730     2.58      0.20 
  23800     2.29      0.22 
  23870     2.48      0.20 
  23940     2.53      0.23 
  24010     2.54      0.20 
  24080     2.64      0.23 
  24150     2.95      0.21 
  24220     3.09      0.25 
  24290     2.70      0.20 
  24360     2.44      0.40 
  25130     3.00      0.21 
  25200     2.61      0.23 
  25270     2.91      0.20 
  25340     3.17      0.24 
  25410     2.86      0.21 
  25480     2.68      0.23 
  25550     2.89      0.20 
  25620     2.92      0.24 
  25690     2.85      0.21 
  25760     2.62      0.22 
  25830     3.09      0.20 
  25900     2.77      0.22 
  25970     2.68      0.20 
  26040     3.03      0.24 
  26110     2.80      0.20 
  26180     3.36      0.26 
  26250     2.79      0.20 
  26320     3.44      0.25 
  26390     3.01      0.21 
  26460     2.78      0.24 
  26530     3.04      0.21 
  26600     3.16      0.25 
  26670     2.99      0.21 
  26740     2.62      0.24 
  26810     3.18      0.21 
  26880     2.72      0.23 
  26950     2.89      0.21 
  27020     2.94      0.24 
  27090     3.30      0.21 
  27160     2.95      0.24 
  27230     2.60      0.19 
  27300     3.33      0.25 
  27369     2.93      0.21 
  27440     2.63      0.22 
  27510     2.90      0.21 
  27580     2.97      0.24 
  27650     3.06      0.21 
  27720     2.83      0.23 
  27790     2.73      0.20 
  27860     2.91      0.24 
  27930     2.88      0.21 
  28000     2.69      0.23 
  28070     3.20      0.22 
  28140     2.79      0.24 
  28210     3.18      0.22 
  28280     2.97      0.24 
  28350     3.02      0.21 
  28420     2.93      0.24 
  28490     3.01      0.20 
  28560     3.00      0.25 
  28630     2.56      0.20 
  28700     2.54      0.22 
  28770     3.03      0.21 
  28839     3.45      0.26 
  28910     3.18      0.21 
  28980     3.47      0.25 
  29050     3.08      0.21 
  29120     3.35      0.25 
  29189     3.36      0.22 
  29260     2.82      0.23 
  29330     3.04      0.21 
  29400     3.03      0.24 
  29470     2.97      0.21 
  29540     3.05      0.23 
  29610     2.97      0.20 
  29680     3.39      0.25 
  29750     2.85      0.21 
  29820     3.13      0.24 
  29890     3.10      0.21 
  29960     3.03      0.24 
  30030     2.85      0.20 
  30100     2.68      0.23 
  30170     3.04      0.22 
  30240     2.78      0.23 
  30310     3.14      0.21 
  30380     3.00      0.24 
  30450     2.81      0.21 
  30520     2.78      0.23 
  30590     2.85      0.21 
  30660     2.77      0.23 
  30730     2.74      0.21 
  30800     2.58      0.23 
  30870     2.61      0.20 
  30940     2.75      0.25 
  31010     2.75      0.21 
  31080     2.88      0.23 
  31150     2.91      0.21 
  31220     2.60      0.23 
  31290     2.72      0.19 
  31360     2.78      0.24 
  31430     2.83      0.20 
  31500     2.53      0.23 
  31570     2.42      0.19 
  31640     2.91      0.24 
  31710     2.67      0.20 
  31780     2.60      0.22 
  31850     2.99      0.21 
  31920     3.00      0.25 
  31990     2.92      0.21 
  32060     2.86      0.24 
  32130     2.82      0.21 
  32200     3.11      0.24 
  32269     2.72      0.20 
  32340     2.34      0.22 
  32410     2.70      0.20 
  32480     2.64      0.23 
  32550     2.71      0.20 
  32619     2.94      0.25 
  32690     2.73      0.20 
  32760     2.85      0.23 
  32830     2.34      0.18 
  32900     3.31      0.26 
  32970     3.22      0.21 
  33040     3.00      0.23 
  33110     3.15      0.21 
  33180     3.26      0.25 
  33250     2.74      0.20 
  33320     2.54      0.23 
  33390     2.96      0.21 
  33460     2.49      0.22 
  33530     2.86      0.20 
  33600     2.52      0.22 
  33670     3.10      0.22 
  33740     2.92      0.23 
  33810     2.96      0.21 
  33880     3.75      0.27 
  33950     3.19      0.22 
  34020     3.13      0.24 
  34090     3.05      0.21 
  34160     3.03      0.24 
  34230     3.03      0.21 
  34300     3.62      0.26 
  34370     3.11      0.21 
  34440     2.90      0.24 
  34510     2.78      0.20 
  34580     3.26      0.25 
  34720     3.11      0.27 
  34790     2.88      0.21 
  34860     2.87      0.24 
  34930     3.18      0.31 
  35000     2.77      0.23 
  35070     3.25      0.22 
  35140     2.91      0.25 
  35210     2.73      0.21 
  35280     2.99      0.25 
  35350     3.02      0.21 
  35420     3.07      0.24 
  35489     2.73      0.20 
  35560     2.61      0.23 
  35630     2.53      0.19 
  35700     3.14      0.25 
  35770     3.00      0.21 
  35839     3.05      0.24 
  35910     2.50      0.20 
  35980     2.93      0.24 
  36049     2.70      0.20 
  36120     3.06      0.25 
  36190     2.85      0.21 
  36260     2.73      0.25 
  36330     2.60      0.20 
  36400     3.32      0.26 
  36470     2.89      0.21 
  36540     2.96      0.24 
  36610     2.93      0.21 
  36680     2.99      0.24 
  36750     2.65      0.20 
  36820     3.05      0.25 
  36890     2.78      0.21 
  36960     2.85      0.25 
  37030     2.79      0.20 
  37100     2.99      0.25 
  37170     2.98      0.22 
  37240     3.47      0.27 
  37310     2.94      0.22 
  37380     2.74      0.24 
  37450     2.66      0.21 
  37520     3.31      0.26 
  37590     2.93      0.21 
  37660     3.10      0.26 
  37730     3.27      0.23 
  37800     2.65      0.24 
  37870     3.32      0.23 
  37940     3.12      0.26 
  38010     3.28      0.22 
  38080     3.33      0.25 
  38150     2.70      0.21 
  38220     2.93      0.25 
  38290     3.35      0.23 
  38360     3.30      0.25 
  38430     3.23      0.23 
  38500     3.11      0.26 
  38570     3.16      0.22 
  38640     2.96      0.25 
  38710     2.94      0.22 
  38780     2.90      0.24 
  38850     3.50      0.22 
  38920     3.00      0.25 
  38990     2.85      0.22 
  39060     3.72      0.27 
  39130     2.82      0.21 
  39200     3.09      0.26 
  39269     2.54      0.20 
  39340     3.27      0.26 
  39410     3.10      0.22 
  39480     3.35      0.26 
  39550     3.36      0.23 
  39620     3.53      0.26 
  39690     2.88      0.21 
  39760     3.36      0.26 
  39830     3.45      0.23 
  39900     3.56      0.27 
  39970     3.21      0.22 
  40040     2.84      0.24 
  40110     3.08      0.22 
  40180     3.63      0.27 
  40250     3.11      0.22 
  40320     3.16      0.26 
  40390     3.26      0.22 
  40460     3.14      0.25 
  40530     3.27      0.22 
  40600     3.29      0.25 
  40670     2.96      0.21 
  40740     3.22      0.25 
  40810     3.14      0.22 
  40880     3.21      0.25 
  40950     3.07      0.21 
  41020     2.85      0.24 
  41090     3.57      0.22 
  41160     3.23      0.26 
  41230     3.48      0.23 
  41300     3.57      0.26 
  41370     2.81      0.22 
  41440     3.44      0.27 
  41510     3.18      0.22 
  41580     3.46      0.26 
  41650     3.14      0.22 
  41720     3.35      0.25 
  41790     3.10      0.21 
  41860     3.56      0.27 
  41930     3.18      0.22 
  42000     2.93      0.25 
  42070     3.00      0.20 
  42140     3.69      0.27 
  42210     3.38      0.22 
  42280     2.84      0.23 
  42350     2.81      0.20 
  42420     3.32      0.26 
  42489     2.77      0.21 
  42560     2.84      0.25 
  42630     3.19      0.21 
  42700     3.00      0.25 
  42769     3.01      0.21 
  42840     2.85      0.24 
  42910     3.15      0.23 
  42980     2.52      0.24 
  43050     3.03      0.21 
  43119     3.06      0.24 
  43190     3.20      0.22 
  43260     3.01      0.25 
  43330     3.15      0.21 
  43400     3.23      0.26 
  43470     2.89      0.21 
  43540     2.63      0.24 
  43610     2.67      0.20 
  43680     2.76      0.23 
  43750     2.77      0.22 
  43820     2.75      0.24 
  43890     2.63      0.21 
  43960     2.79      0.23 
  44030     3.00      0.21 
  44100     2.84      0.23 
  44170     3.31      0.22 
  44240     3.08      0.25 
  44310     2.72      0.20 
  44380     2.87      0.23 
  44450     2.99      0.21 
  44520     2.74      0.23 
  44590     2.62      0.19 
  44660     2.37      0.21 
  44730     2.15      0.18 
  44800     2.45      0.22 
  44870     2.73      0.20 
  44940     2.55      0.22 
  45010     2.61      0.20 
  45080     2.36      0.22 
  45150     2.65      0.19 
  45220     2.10      0.22 
  45290     2.72      0.20 
  45360     2.13      0.22 
  45430     2.50      0.20 
  45500     2.23      0.23 
  45570     2.56      0.20 
  45640     2.36      0.24 
  45710     2.32      0.20 
  45780     2.82      0.24 
  45850     2.83      0.21 
  45920     2.83      0.26 
  45989     2.54      0.21 
  46060     2.59      0.23 
  46130     2.69      0.21 
  46200     2.60      0.23 
  46270     2.57      0.21 
  46339     2.62      0.23 
  46410     2.49      0.20 
  46480     2.72      0.23 
  46549     2.86      0.21 
  46620     2.46      0.23 
  46690     2.84      0.21 
  46760     2.59      0.24 
  46830     2.40      0.20 
  46900     2.48      0.23 
  46970     2.36      0.20 
  47040     2.16      0.21 
  47110     2.20      0.19 
  47180     2.51      0.23 
  47250     2.60      0.21 
  47320     2.68      0.23 
  47390     2.88      0.21 
  47460     2.32      0.22 
  47530     2.19      0.19 
  47600     2.08      0.21 
  47670     2.24      0.18 
  47739     2.15      0.21 
  47810     1.95      0.18 
  47880     2.44      0.23 
  47950     2.12      0.19 
  48020     2.69      0.23 
  48089     2.26      0.19 
  48160     2.27      0.22 
  48230     2.32      0.19 
  48300     2.64      0.24 
  48370     2.29      0.19 
  48439     2.23      0.21 
  48510     1.97      0.18 
  48580     2.22      0.21 
  48650     2.32      0.19 
  48720     2.61      0.23 
  48790     2.01      0.18 
  48860     2.24      0.21 
  48930     2.56      0.20 
  49000     2.81      0.24 
  49070     2.27      0.19 
  49140     2.53      0.22 
  49210     2.71      0.21 
  49280     2.18      0.22 
  49350     2.52      0.21 
  49420     2.64      0.23 
  49490     2.58      0.20 
  49560     2.62      0.23 
  49630     2.35      0.20 
  49700     3.24      0.27 
  49769     2.91      0.21 
  49840     2.88      0.24 
  49910     3.15      0.22 
  49980     2.69      0.23 
  50049     2.61      0.21 
  50119     2.46      0.23 
  50190     3.17      0.23 
  50260     2.92      0.25 
  50329     3.15      0.21 
  50400     3.25      0.26 
  50469     3.35      0.23 
  50540     2.75      0.24 
  50609     3.29      0.22 
  50679     2.88      0.25 
  50750     2.95      0.22 
  50819     3.48      0.26 
  50890     3.04      0.22 
  50960     2.98      0.25 
  51029     3.21      0.23 
  51100     3.32      0.26 
  51170     3.07      0.22 
  51239     2.63      0.23 
