#  Table rgs12o12_b80_c_0160362601.lc[1]  Wed 15:46:50 27-Nov-2013

#   TIME     RATE1    ERROR1 
#    s      count/s   count/s 
              
      0     4.42      0.26 
     80     4.03      0.24 
    160     3.97      0.24 
    240     3.92      0.23 
    320     4.23      0.24 
    400     4.30      0.24 
    480     4.11      0.24 
    559     4.03      0.24 
    640     4.15      0.24 
    719     3.54      0.23 
    800     3.72      0.23 
    880     3.51      0.22 
    959     3.28      0.21 
   1040     3.37      0.22 
   1120     3.61      0.22 
   1200     3.24      0.22 
   1280     3.37      0.22 
   1360     3.24      0.22 
   1440     3.58      0.23 
   1520     3.21      0.22 
   1600     3.49      0.23 
   1680     3.38      0.22 
   1760     3.28      0.22 
   1840     3.33      0.22 
   1920     3.14      0.22 
   2000     3.60      0.23 
   2080     4.11      0.24 
   2160     3.39      0.22 
   2240     3.71      0.23 
   2320     3.49      0.22 
   2400     3.43      0.22 
   2480     3.29      0.22 
   2560     3.17      0.22 
   2640     2.86      0.21 
   2720     3.18      0.21 
   2800     3.58      0.23 
   2880     3.07      0.21 
   2960     3.31      0.21 
   3040     3.00      0.20 
   3120     2.88      0.20 
   3200     3.24      0.21 
   3280     3.30      0.22 
   3360     2.77      0.21 
   3440     3.07      0.21 
   3520     3.18      0.21 
   3600     2.68      0.21 
   3680     3.38      0.22 
   3760     2.98      0.20 
   3840     3.20      0.21 
   3920     3.03      0.21 
   4000     3.25      0.21 
   4080     3.12      0.20 
   4160     2.93      0.20 
   4240     2.84      0.19 
   4320     2.71      0.20 
   4400     3.28      0.21 
   4480     2.86      0.21 
   4560     2.94      0.21 
   4640     3.08      0.21 
   4720     3.04      0.22 
   4800     2.75      0.21 
   4880     3.08      0.21 
   4960     2.47      0.20 
   5040     3.07      0.21 
   5120     3.38      0.22 
   5200     3.21      0.23 
   5279     2.98      0.21 
   5360     2.91      0.22 
   5439     3.11      0.22 
   5520     2.77      0.21 
   5599     2.94      0.21 
   5679     3.17      0.21 
   5759     2.90      0.21 
   5839     2.86      0.20 
   5919     3.11      0.20 
   6000     2.99      0.21 
   6079     3.03      0.20 
   6159     2.85      0.20 
   6239     3.07      0.20 
   6320     2.74      0.19 
   6400     3.03      0.20 
   6479     2.70      0.19 
   6559     2.97      0.20 
   6640     2.83      0.20 
   6720     3.16      0.21 
   6799     3.06      0.21 
   6879     3.22      0.21 
   6959     3.02      0.21 
   7040     3.37      0.24 
   7119     3.74      0.31 
   7199     3.21      0.21 
   7279     3.00      0.20 
   7359     2.97      0.20 
   7439     3.24      0.21 
   7520     3.13      0.20 
   7600     3.46      0.22 
   7680     3.18      0.21 
   7760     3.23      0.21 
   7840     2.95      0.20 
   7920     2.82      0.19 
   8000     2.88      0.20 
   8080     3.04      0.20 
   8160     2.75      0.20 
   8240     3.11      0.21 
   8320     2.84      0.20 
   8400     3.29      0.21 
   8480     3.17      0.20 
   8559     2.98      0.20 
   8640     3.15      0.21 
   8720     3.23      0.21 
   8800     3.01      0.20 
   8879     2.94      0.20 
   8959     3.01      0.20 
   9040     3.08      0.20 
   9120     2.98      0.20 
   9199     3.29      0.21 
   9279     2.93      0.20 
   9359     3.44      0.21 
   9440     3.19      0.21 
   9519     3.24      0.21 
   9599     3.22      0.21 
   9679     2.97      0.20 
   9759     3.00      0.21 
   9839     3.07      0.20 
   9919     3.49      0.22 
  10000     2.96      0.21 
  10080     3.10      0.21 
  10160     2.90      0.22 
  10240     3.23      0.21 
  10320     3.28      0.21 
  10400     3.25      0.21 
  10480     2.73      0.19 
  10560     2.53      0.18 
  10640     2.97      0.20 
  10720     3.08      0.21 
  10800     2.90      0.21 
  10880     3.11      0.21 
  10960     2.97      0.20 
  11040     3.03      0.20 
  11120     3.06      0.21 
  11200     2.69      0.22 
  11280     2.68      0.21 
  11360     2.93      0.23 
  11440     2.52      0.21 
  11520     2.70      0.22 
  11600     2.69      0.20 
  11680     2.63      0.19 
  11760     2.76      0.20 
  11840     2.94      0.20 
  11920     3.05      0.21 
  12000     3.01      0.21 
  12080     2.95      0.21 
  12160     2.63      0.20 
  12240     2.71      0.20 
  12320     2.83      0.20 
  12400     2.66      0.19 
  12480     2.50      0.19 
  12560     2.59      0.19 
  12640     2.49      0.18 
  12720     2.51      0.18 
  12800     2.45      0.18 
  12880     2.45      0.19 
  12960     2.44      0.18 
  13040     1.96      0.17 
  13120     2.41      0.18 
  13200     2.35      0.19 
  13280     2.23      0.18 
  13360     2.50      0.19 
  13440     2.93      0.21 
  13520     2.61      0.19 
  13600     2.42      0.19 
  13680     2.51      0.19 
  13760     2.41      0.19 
  13840     2.82      0.20 
  13920     2.56      0.20 
  14000     2.51      0.19 
  14080     2.43      0.19 
  14160     2.45      0.18 
  14240     2.85      0.20 
  14320     2.25      0.18 
  14400     2.63      0.19 
  14480     2.30      0.20 
  14560     2.19      0.25 
  14640     1.95      0.17 
  14720     2.23      0.18 
  14800     2.43      0.18 
  14880     2.53      0.18 
  14960     2.35      0.18 
  15040     2.14      0.17 
  15120     2.14      0.17 
  15200     2.35      0.18 
  15280     2.00      0.17 
  15360     2.15      0.17 
  15440     2.29      0.18 
  15520     2.19      0.17 
  15600     2.52      0.19 
  15680     2.07      0.18 
  15760     2.25      0.18 
  15840     2.28      0.18 
  15920     2.39      0.19 
  16000     2.39      0.19 
  16080     2.69      0.19 
  16160     2.46      0.19 
  16240     2.15      0.18 
  16320     2.24      0.18 
  16400     2.45      0.19 
  16480     2.46      0.19 
  16560     2.10      0.18 
  16640     2.38      0.19 
  16720     2.52      0.19 
  16800     2.54      0.20 
  16880     2.41      0.19 
  16960     2.48      0.20 
  17040     2.40      0.20 
  17120     2.28      0.19 
  17200     2.07      0.18 
  17280     2.09      0.18 
  17360     2.03      0.18 
  17440     2.26      0.18 
  17520     2.25      0.18 
  17600     2.45      0.18 
  17680     1.93      0.16 
  17760     2.24      0.17 
  17840     2.21      0.17 
  17920     2.20      0.17 
  18000     2.04      0.17 
  18080     2.25      0.17 
  18160     2.34      0.18 
  18240     2.24      0.17 
  18320     2.47      0.19 
  18400     1.88      0.18 
  18480     2.01      0.17 
  18560     2.27      0.18 
  18640     2.07      0.18 
  18720     2.33      0.18 
  18800     1.93      0.16 
  18880     2.43      0.18 
  18960     2.20      0.18 
  19040     2.54      0.27 
  19120     1.84      0.17 
  19200     2.03      0.29 
  19280     2.14      0.30 
  19360     2.43      0.18 
  19440     2.24      0.18 
  19520     2.03      0.17 
  19600     2.46      0.18 
  19680     2.46      0.18 
  19760     2.28      0.18 
  19840     2.42      0.18 
  19920     2.04      0.17 
  20000     2.39      0.18 
  20080     2.73      0.19 
  20160     1.98      0.17 
  20240     2.51      0.18 
  20320     2.44      0.18 
  20400     2.17      0.18 
  20480     2.40      0.18 
  20560     2.15      0.17 
  20640     2.61      0.19 
  20720     2.16      0.17 
  20800     2.36      0.18 
  20880     2.33      0.18 
  20960     2.09      0.17 
  21040     2.05      0.17 
  21120     2.41      0.18 
  21200     2.30      0.18 
  21280     2.19      0.17 
  21360     2.62      0.19 
  21440     2.07      0.17 
  21520     2.41      0.18 
  21600     2.28      0.17 
  21680     2.32      0.18 
  21760     2.17      0.17 
  21840     2.35      0.18 
  21920     2.60      0.19 
  22000     2.27      0.17 
  22080     2.28      0.18 
  22160     2.44      0.18 
  22240     2.37      0.18 
  22320     2.55      0.18 
  22400     2.37      0.18 
  22480     2.44      0.18 
  22560     1.91      0.16 
  22640     1.97      0.16 
  22720     2.43      0.18 
  22800     2.41      0.18 
  22880     2.10      0.17 
  22960     2.10      0.17 
  23040     2.54      0.19 
  23120     2.16      0.18 
  23200     2.38      0.18 
  23280     2.23      0.18 
  23360     2.26      0.18 
  23440     1.97      0.16 
  23520     1.93      0.17 
  23600     2.21      0.17 
  23680     2.37      0.18 
  23760     2.53      0.19 
  23840     1.72      0.33 
