#  Table rgs12o12_b50_17_0134522401_decay.lc[1]  Wed 15:45:23 27-Nov-2013

#   TIME     RATE1    ERROR1 
#    s      count/s   count/s 
         
   5000     4.65      0.34 
   5050     4.28      0.27 
   5100     4.29      0.34 
   5150     4.03      0.26 
   5200     4.65      0.35 
   5250     3.73      0.26 
   5300     3.92      0.33 
   5349     4.16      0.27 
   5400     4.33      0.34 
   5450     4.02      0.27 
   5500     3.97      0.34 
   5549     4.37      0.32 
   5599     3.96      0.33 
   5650     4.05      0.27 
   5700     4.11      0.33 
   5749     4.32      0.28 
   5799     4.17      0.34 
   5849     4.28      0.28 
   5900     3.93      0.32 
   5949     3.99      0.26 
   6000     3.88      0.32 
   6049     4.03      0.27 
   6099     4.03      0.33 
   6149     4.05      0.27 
   6199     4.17      0.33 
   6250     3.59      0.26 
   6300     3.42      0.31 
   6350     3.72      0.26 
   6400     3.80      0.31 
   6450     3.82      0.27 
   6500     4.11      0.32 
   6550     4.07      0.27 
   6599     4.11      0.33 
   6650     3.86      0.26 
   6700     3.12      0.29 
   6750     3.68      0.26 
   6799     3.63      0.32 
   6849     4.10      0.28 
   6900     3.37      0.31 
   6950     3.41      0.25 
   6999     3.75      0.33 
   7049     3.74      0.26 
   7099     3.52      0.32 
   7150     3.32      0.25 
   7199     3.06      0.29 
   7249     3.12      0.24 
   7299     3.10      0.29 
   7349     3.15      0.25 
   7399     3.68      0.33 
   7449     3.20      0.24 
   7500     3.43      0.31 
   7550     3.19      0.25 
   7600     3.72      0.32 
   7650     4.17      0.28 
   7700     4.01      0.33 
   7750     3.47      0.26 
   7800     3.03      0.31 
   7849     3.07      0.25 
   7900     2.84      0.29 
   7950     3.46      0.29 
   8000     2.85      0.40 
   8050     3.45      0.28 
   8099     3.34      0.33 
   8150     3.23      0.26 
   8199     3.42      0.34 
   8249     2.73      0.30 
   8300     3.37      0.30 
   8349     3.25      0.24 
   8400     3.24      0.30 
   8449     2.87      0.23 
   8499     2.66      0.30 
   8550     3.19      0.30 
   8599     3.26      0.32 
   8649     3.39      0.26 
   8699     3.65      0.34 
   8750     2.93      0.29 
   8800     3.07      0.34 
   8850     3.07      0.30 
   8900     3.18      0.34 
   8949     2.35      0.27 
   9000     2.68      0.30 
   9050     3.14      0.31 
   9099     3.57      0.32 
   9150     3.33      0.25 
   9199     3.29      0.33 
   9250     3.64      0.30 
   9300     2.90      0.37 
   9349     3.12      0.28 
   9400     3.42      0.35 
   9449     2.72      0.28 
   9499     3.11      0.33 
   9550     3.21      0.28 
   9599     3.98      0.39 
   9650     3.05      0.28 
   9699     4.00      0.42 
   9749     3.34      0.29 
   9800     3.21      0.32 
   9849     2.95      0.25 
   9899     2.52      0.35 
   9949     3.56      0.31 
  10000     2.54      0.35 
  10050     3.46      0.30 
  10100     2.65      0.33 
  10150     3.37      0.32 
  10200     2.81      0.33 
  10250     3.13      0.28 
  10300     3.21      0.34 
  10350     2.98      0.29 
  10400     3.54      0.36 
  10450     3.12      0.29 
  10500     2.94      0.34 
  10550     2.91      0.27 
  10600     3.56      0.36 
  10650     2.67      0.28 
  10700     3.43      0.36 
  10750     2.66      0.27 
  10800     3.10      0.33 
  10850     3.10      0.28 
  10900     3.06      0.34 
  10950     3.42      0.29 
  11000     2.88      0.37 
  11050     3.08      0.30 
  11100     3.30      0.38 
  11150     3.27      0.31 
  11200     3.71      0.38 
  11250     3.10      0.29 
  11300     3.09      0.36 
  11350     3.09      0.30 
  11400     4.05      0.39 
  11450     2.96      0.29 
  11500     2.41      0.37 
  11550     3.28      0.28 
  11600     3.13      0.36 
  11650     3.49      0.29 
  11700     3.18      0.38 
  11750     2.99      0.29 
  11800     3.24      0.39 
  11850     2.40      0.30 
  11900     2.62      0.35 
  11950     2.87      0.31 
  12000     2.97      0.36 
  12050     2.91      0.30 
  12100     2.71      0.36 
  12150     2.91      0.30 
  12200     3.22      0.35 
  12250     3.38      0.30 
  12300     3.13      0.37 
  12350     3.10      0.30 
  12400     2.25      0.36 
  12450     3.59      0.33 
  12500     3.36      0.40 
  12550     2.76      0.30 
  12600     2.85      0.39 
  12650     2.51      0.29 
  12700     2.75      0.39 
  12750     3.09      0.32 
  12800     3.01      0.36 
  12850     3.41      0.30 
  12900     2.62      0.37 
  12950     2.93      0.31 
  13000     3.79      0.39 
  13050     3.03      0.29 
  13100     3.15      0.37 
  13150     2.96      0.32 
  13200     2.62      0.37 
  13250     3.22      0.30 
  13300     3.33      0.38 
  13350     2.71      0.27 
  13400     3.09      0.36 
  13450     3.38      0.34 
  13500     2.88      0.39 
  13550     2.99      0.31 
  13600     2.76      0.35 
  13650     2.94      0.30 
  13700     2.72      0.40 
  13750     3.40      0.33 
  13800     3.14      0.39 
  13850     3.12      0.32 
  13900     3.40      0.37 
  13950     3.34      0.33 
  14000     3.09      0.43 
  14050     3.26      0.30 
  14100     2.39      0.33 
  14150     2.64      0.30 
  14200     3.55      0.34 
  14250     2.99      0.25 
  14300     2.98      0.34 
  14350     2.93      0.28 
  14400     3.64      0.38 
  14450     3.09      0.33 
  14500     3.07      0.40 
  14550     3.32      0.34 
  14600     3.06      0.38 
  14650     2.46      0.29 
  14700     2.82      0.36 
  14750     2.96      0.28 
  14800     2.75      0.36 
  14850     3.05      0.28 
  14900     2.73      0.36 
  14950     2.91      0.28 
  15000     3.31      0.36 
  15050     2.74      0.28 
  15100     2.53      0.37 
  15150     3.05      0.29 
  15200     3.46      0.36 
  15250     2.72      0.28 
  15300     2.48      0.34 
  15350     3.10      0.29 
  15400     2.56      0.34 
  15450     2.82      0.29 
  15500     3.11      0.36 
  15550     3.02      0.29 
  15600     2.56      0.34 
  15650     2.59      0.29 
  15700     3.19      0.37 
  15750     3.14      0.29 
  15800     2.53      0.36 
  15850     3.14      0.29 
  15900     2.58      0.36 
  15950     3.00      0.29 
  16000     3.20      0.37 
  16050     2.46      0.29 
  16100     3.42      0.38 
  16150     2.61      0.28 
  16200     3.20      0.39 
  16250     2.98      0.28 
  16300     3.85      0.39 
  16350     3.20      0.30 
  16400     3.16      0.37 
  16450     3.00      0.31 
  16500     3.41      0.38 
  16550     3.13      0.31 
  16600     3.71      0.39 
  16650     3.15      0.32 
  16700     3.50      0.39 
  16750     2.83      0.31 
  16800     2.97      0.36 
  16850     2.99      0.31 
  16900     3.19      0.36 
  16950     2.94      0.30 
  17000     2.76      0.38 
  17050     3.07      0.31 
  17100     3.07      0.40 
  17150     2.76      0.32 
  17200     3.64      0.40 
  17250     3.13      0.31 
  17300     3.04      0.38 
  17350     2.73      0.29 
  17400     3.01      0.38 
  17450     2.93      0.31 
  17500     2.95      0.39 
  17550     3.26      0.32 
  17600     3.74      0.41 
  17650     3.20      0.32 
  17700     2.86      0.39 
  17750     2.48      0.32 
  17800     2.86      0.40 
  17850     2.57      0.31 
  17900     2.82      0.38 
  17950     3.35      0.34 
  18000     3.68      0.41 
  18050     3.02      0.33 
  18100     2.41      0.39 
  18150     3.04      0.33 
  18200     2.86      0.40 
  18250     2.77      0.33 
  18300     3.29      0.40 
  18350     3.36      0.34 
  18400     3.06      0.42 
  18450     3.06      0.34 
  18500     2.71      0.41 
  18550     3.41      0.35 
  18600     3.48      0.43 
  18650     2.44      0.34 
  18700     3.12      0.42 
  18750     3.19      0.36 
  18800     3.14      0.42 
  18850     2.48      0.36 
  18900     3.29      0.45 
  18950     2.79      0.35 
  19000     3.34      0.44 
  19050     3.08      0.36 
  19100     2.79      0.45 
  19150     3.54      0.38 
