L=[(40.13,31.22),(50.01,49.57),(45.52,39.71),(56.70,44.62),(22.94,78.60),(46.58,112.11),(54.55,99.52),
   (63.25,236.03),(51.78,38.02),(40.66, 57.23),(50.17,61.47),(56.76, 51.39),(15.86, 75.98),(46.14, 100.49),
   (59.39, 51.63),(45.94, 34.65235),(120.54, 292.014),(20.22, 21.93),(13.13, 25.94),(43.46, 192.64),
   (38.32, 39.52),(55.35, 188.54),(25.39, 34.04),(101.97, 145.35),(102.16, 125.09),(91.86, 89.49),
   (44.84, 53.17),(47.46, 99.78),(24.50, 43.12),(48.28, 97.51),(22.22, 44.09),(26.90, 23.05),(88.75, 122.73),
   (219.72,489.97),(21.47, 37.24),(41.28,54.78),(33.44, 123.97),(15.01, 22.72),(87.30, 278.19),(48.8, 50.98),
   (149.49, 84.50),(42.69, 96.12),(67.07, 143.62),(75.35, 86.84),(48.14, 63.97),(53.51, 53.21),(87.25, 73.68),
   (10.89, 18.88),(43.69, 35.62),(96.39, 131.41),(100.05, 147.61),(147.13, 206.73),(57.89, 83.19),(36.94, 76.12),
   (50.99, 46.10),(18.47, 34.42),(54.86, 163.55),(39.21, 67.65),(92.52, 162.25),(27.67, 26.64),(19.51, 13.58),
   (30.07, 437.69),(69.15, 90.09),(124.04, 577.67),(408.77, 968.90),(29.56, 43.29),(57.54, 78.32),(51.84, 55.69),
   (42.19, 59),(25.86, 45.27),(36.19, 84.04),(37.70, 87.22),(79.06, 186.56),(63.49, 132.87),(8.24, 17.17),
   (21.89, 19.88),(28.73, 40.83)
]

